  -.998999            -0.985026119
  -.997999            -0.970183120
  -.996999            -0.955444401
  -.995999            -0.940809475
  -.994999            -0.926277904
  -.993999            -0.911849260
  -.992999            -0.897523124
  -.991999            -0.883299079
  -.990999            -0.869176710
  -.989999            -0.855155604
  -.988999            -0.841235347
  -.987999            -0.827415530
  -.986999            -0.813695743
  -.985999            -0.800075576
  -.984999            -0.786554623
  -.983999            -0.773132476
  -.982999            -0.759808730
  -.981999            -0.746582979
  -.980999            -0.733454821
  -.979999            -0.720423853
  -.978999            -0.707489672
  -.977999            -0.694651878
  -.976999            -0.681910070
  -.975999            -0.669263850
  -.974999            -0.656712819
  -.973999            -0.644256581
  -.972999            -0.631894738
  -.971999            -0.619626897
  -.970999            -0.607452661
  -.969999            -0.595371638
  -.968999            -0.583383436
  -.967999            -0.571487662
  -.966999            -0.559683926
  -.965999            -0.547971837
  -.964999            -0.536351008
  -.963999            -0.524821050
  -.962999            -0.513381576
  -.961999            -0.502032200
  -.960999            -0.490772537
  -.959999            -0.479602202
  -.958999            -0.468520812
  -.957999            -0.457527984
  -.956999            -0.446623337
  -.955999            -0.435806490
  -.954999            -0.425077064
  -.953999            -0.414434678
  -.952999            -0.403878957
  -.951999            -0.393409521
  -.950999            -0.383025996
  -.949999            -0.372728005
  -.948999            -0.362515175
  -.947999            -0.352387132
  -.946999            -0.342343504
  -.945999            -0.332383918
  -.944999            -0.322508004
  -.943999            -0.312715392
  -.942999            -0.303005713
  -.941999            -0.293378598
  -.940999            -0.283833682
  -.939999            -0.274370597
  -.938999            -0.264988977
  -.937999            -0.255688459
  -.936999            -0.246468679
  -.935999            -0.237329273
  -.934999            -0.228269881
  -.933999            -0.219290140
  -.932999            -0.210389691
  -.931999            -0.201568175
  -.930999            -0.192825233
  -.929999            -0.184160508
  -.928999            -0.175573642
  -.927999            -0.167064282
  -.926999            -0.158632070
  -.925999            -0.150276655
  -.924999            -0.141997681
  -.923999            -0.133794798
  -.922999            -0.125667654
  -.921999            -0.117615899
  -.920999            -0.109639182
  -.919999            -0.101737155
  -.918999            -0.093909471
  -.917999            -0.086155782
  -.916999            -0.078475742
  -.915999            -0.070869006
  -.914999            -0.063335229
  -.913999            -0.055874069
  -.912999            -0.048485181
  -.911999            -0.041168226
  -.910999            -0.033922861
  -.909999            -0.026748746
  -.908999            -0.019645543
  -.907999            -0.012612913
  -.906999            -0.005650519
  -.905999             0.001241977
  -.904999             0.008064909
  -.903999             0.014818614
  -.902999             0.021503424
  -.901999             0.028119673
  -.900999             0.034667694
  -.899999             0.041147817
  -.898999             0.047560374
  -.897999             0.053905694
  -.896999             0.060184107
  -.895999             0.066395940
  -.894999             0.072541521
  -.893999             0.078621175
  -.892999             0.084635230
  -.891999             0.090584008
  -.890999             0.096467835
  -.889999             0.102287033
  -.888999             0.108041924
  -.887999             0.113732830
  -.886999             0.119360072
  -.885999             0.124923968
  -.884999             0.130424838
  -.883999             0.135863000
  -.882999             0.141238770
  -.881999             0.146552466
  -.880999             0.151804403
  -.879999             0.156994894
  -.878999             0.162124255
  -.877999             0.167192798
  -.876999             0.172200836
  -.875999             0.177148678
  -.874999             0.182036637
  -.873999             0.186865022
  -.872999             0.191634142
  -.871999             0.196344304
  -.870999             0.200995815
  -.869999             0.205588983
  -.868999             0.210124113
  -.867999             0.214601509
  -.866999             0.219021475
  -.865999             0.223384315
  -.864999             0.227690331
  -.863999             0.231939824
  -.862999             0.236133094
  -.861999             0.240270442
  -.860999             0.244352166
  -.859999             0.248378566
  -.858999             0.252349937
  -.857999             0.256266577
  -.856999             0.260128781
  -.855999             0.263936845
  -.854999             0.267691062
  -.853999             0.271391726
  -.852999             0.275039129
  -.851999             0.278633562
  -.850999             0.282175318
  -.849999             0.285664686
  -.848999             0.289101955
  -.847999             0.292487413
  -.846999             0.295821349
  -.845999             0.299104049
  -.844999             0.302335799
  -.843999             0.305516885
  -.842999             0.308647591
  -.841999             0.311728200
  -.840999             0.314758997
  -.839999             0.317740261
  -.838999             0.320672276
  -.837999             0.323555321
  -.836999             0.326389677
  -.835999             0.329175621
  -.834999             0.331913432
  -.833999             0.334603389
  -.832999             0.337245766
  -.831999             0.339840840
  -.830999             0.342388885
  -.829999             0.344890177
  -.828999             0.347344988
  -.827999             0.349753591
  -.826999             0.352116257
  -.825999             0.354433259
  -.824999             0.356704866
  -.823999             0.358931347
  -.822999             0.361112971
  -.821999             0.363250007
  -.820999             0.365342721
  -.819999             0.367391379
  -.818999             0.369396248
  -.817999             0.371357592
  -.816999             0.373275676
  -.815999             0.375150761
  -.814999             0.376983112
  -.813999             0.378772989
  -.812999             0.380520654
  -.811999             0.382226367
  -.810999             0.383890387
  -.809999             0.385512972
  -.808999             0.387094382
  -.807999             0.388634872
  -.806999             0.390134700
  -.805999             0.391594120
  -.804999             0.393013388
  -.803999             0.394392758
  -.802999             0.395732483
  -.801999             0.397032816
  -.800999             0.398294008
  -.799999             0.399516310
  -.798999             0.400699973
  -.797999             0.401845246
  -.796999             0.402952378
  -.795999             0.404021617
  -.794999             0.405053211
  -.793999             0.406047405
  -.792999             0.407004446
  -.791999             0.407924578
  -.790999             0.408808045
  -.789999             0.409655093
  -.788999             0.410465962
  -.787999             0.411240895
  -.786999             0.411980133
  -.785999             0.412683917
  -.784999             0.413352487
  -.783999             0.413986081
  -.782999             0.414584939
  -.781999             0.415149297
  -.780999             0.415679392
  -.779999             0.416175460
  -.778999             0.416637737
  -.777999             0.417066457
  -.776999             0.417461855
  -.775999             0.417824162
  -.774999             0.418153613
  -.773999             0.418450437
  -.772999             0.418714867
  -.771999             0.418947133
  -.770999             0.419147463
  -.769999             0.419316087
  -.768999             0.419453232
  -.767999             0.419559127
  -.766999             0.419633997
  -.765999             0.419678068
  -.764999             0.419691565
  -.763999             0.419674714
  -.762999             0.419627736
  -.761999             0.419550857
  -.760999             0.419444296
  -.759999             0.419308277
  -.758999             0.419143019
  -.757999             0.418948744
  -.756999             0.418725670
  -.755999             0.418474015
  -.754999             0.418193998
  -.753999             0.417885836
  -.752999             0.417549746
  -.751999             0.417185943
  -.750999             0.416794642
  -.749999             0.416376057
  -.748999             0.415930403
  -.747999             0.415457892
  -.746999             0.414958736
  -.745999             0.414433147
  -.744999             0.413881336
  -.743999             0.413303513
  -.742999             0.412699886
  -.741999             0.412070666
  -.740999             0.411416059
  -.739999             0.410736274
  -.738999             0.410031516
  -.737999             0.409301992
  -.736999             0.408547906
  -.735999             0.407769464
  -.734999             0.406966869
  -.733999             0.406140324
  -.732999             0.405290031
  -.731999             0.404416193
  -.730999             0.403519011
  -.729999             0.402598684
  -.728999             0.401655412
  -.727999             0.400689394
  -.726999             0.399700829
  -.725999             0.398689914
  -.724999             0.397656846
  -.723999             0.396601821
  -.722999             0.395525034
  -.721999             0.394426681
  -.720999             0.393306956
  -.719999             0.392166052
  -.718999             0.391004162
  -.717999             0.389821477
  -.716999             0.388618190
  -.715999             0.387394492
  -.714999             0.386150571
  -.713999             0.384886618
  -.712999             0.383602821
  -.711999             0.382299369
  -.710999             0.380976448
  -.709999             0.379634246
  -.708999             0.378272948
  -.707999             0.376892740
  -.706999             0.375493806
  -.705999             0.374076331
  -.704999             0.372640497
  -.703999             0.371186488
  -.702999             0.369714486
  -.701999             0.368224671
  -.700999             0.366717225
  -.699999             0.365192327
  -.698999             0.363650157
  -.697999             0.362090894
  -.696999             0.360514715
  -.695999             0.358921799
  -.694999             0.357312321
  -.693999             0.355686457
  -.692999             0.354044384
  -.691999             0.352386276
  -.690999             0.350712306
  -.689999             0.349022649
  -.688999             0.347317478
  -.687999             0.345596963
  -.686999             0.343861277
  -.685999             0.342110591
  -.684999             0.340345075
  -.683999             0.338564898
  -.682999             0.336770229
  -.681999             0.334961237
  -.680999             0.333138088
  -.679999             0.331300951
  -.678999             0.329449991
  -.677999             0.327585374
  -.676999             0.325707265
  -.675999             0.323815828
  -.674999             0.321911227
  -.673999             0.319993625
  -.672999             0.318063185
  -.671999             0.316120069
  -.670999             0.314164437
  -.669999             0.312196450
  -.668999             0.310216268
  -.667999             0.308224051
  -.666999             0.306219957
  -.665999             0.304204144
  -.664999             0.302176769
  -.663999             0.300137990
  -.662999             0.298087962
  -.661999             0.296026840
  -.660999             0.293954781
  -.659999             0.291871938
  -.658999             0.289778464
  -.657999             0.287674513
  -.656999             0.285560237
  -.655999             0.283435787
  -.654999             0.281301316
  -.653999             0.279156973
  -.652999             0.277002909
  -.651999             0.274839272
  -.650999             0.272666211
  -.649999             0.270483875
  -.648999             0.268292411
  -.647999             0.266091965
  -.646999             0.263882684
  -.645999             0.261664713
  -.644999             0.259438198
  -.643999             0.257203283
  -.642999             0.254960111
  -.641999             0.252708826
  -.640999             0.250449570
  -.639999             0.248182486
  -.638999             0.245907713
  -.637999             0.243625395
  -.636999             0.241335669
  -.635999             0.239038677
  -.634999             0.236734556
  -.633999             0.234423445
  -.632999             0.232105483
  -.631999             0.229780805
  -.630999             0.227449549
  -.629999             0.225111850
  -.628999             0.222767845
  -.627999             0.220417666
  -.626999             0.218061450
  -.625999             0.215699328
  -.624999             0.213331435
  -.623999             0.210957902
  -.622999             0.208578862
  -.621999             0.206194445
  -.620999             0.203804782
  -.619999             0.201410003
  -.618999             0.199010238
  -.617999             0.196605615
  -.616999             0.194196262
  -.615999             0.191782308
  -.614999             0.189363879
  -.613999             0.186941102
  -.612999             0.184514103
  -.611999             0.182083007
  -.610999             0.179647939
  -.609999             0.177209023
  -.608999             0.174766382
  -.607999             0.172320140
  -.606999             0.169870419
  -.605999             0.167417342
  -.604999             0.164961028
  -.603999             0.162501600
  -.602999             0.160039176
  -.601999             0.157573878
  -.600999             0.155105823
  -.599999             0.152635131
  -.598999             0.150161919
  -.597999             0.147686304
  -.596999             0.145208403
  -.595999             0.142728333
  -.594999             0.140246208
  -.593999             0.137762145
  -.592999             0.135276257
  -.591999             0.132788659
  -.590999             0.130299464
  -.589999             0.127808784
  -.588999             0.125316732
  -.587999             0.122823420
  -.586999             0.120328958
  -.585999             0.117833458
  -.584999             0.115337029
  -.583999             0.112839781
  -.582999             0.110341823
  -.581999             0.107843263
  -.580999             0.105344209
  -.579999             0.102844768
  -.578999             0.100345047
  -.577999             0.097845152
  -.576999             0.095345189
  -.575999             0.092845263
  -.574999             0.090345478
  -.573999             0.087845939
  -.572999             0.085346748
  -.571999             0.082848009
  -.570999             0.080349824
  -.569999             0.077852295
  -.568999             0.075355523
  -.567999             0.072859609
  -.566999             0.070364653
  -.565999             0.067870755
  -.564999             0.065378014
  -.563999             0.062886528
  -.562999             0.060396396
  -.561999             0.057907715
  -.560999             0.055420582
  -.559999             0.052935094
  -.558999             0.050451346
  -.557999             0.047969435
  -.556999             0.045489454
  -.555999             0.043011498
  -.554999             0.040535661
  -.553999             0.038062037
  -.552999             0.035590717
  -.551999             0.033121795
  -.550999             0.030655363
  -.549999             0.028191510
  -.548999             0.025730328
  -.547999             0.023271908
  -.546999             0.020816338
  -.545999             0.018363708
  -.544999             0.015914107
  -.543999             0.013467622
  -.542999             0.011024342
  -.541999             0.008584353
  -.540999             0.006147741
  -.539999             0.003714594
  -.538999             0.001284996
  -.537999            -0.001140967
  -.536999            -0.003563212
  -.535999            -0.005981653
  -.534999            -0.008396208
  -.533999            -0.010806794
  -.532999            -0.013213328
  -.531999            -0.015615727
  -.530999            -0.018013911
  -.529999            -0.020407799
  -.528999            -0.022797310
  -.527999            -0.025182364
  -.526999            -0.027562882
  -.525999            -0.029938785
  -.524999            -0.032309993
  -.523999            -0.034676430
  -.522999            -0.037038018
  -.521999            -0.039394679
  -.520999            -0.041746338
  -.519999            -0.044092918
  -.518999            -0.046434344
  -.517999            -0.048770541
  -.516999            -0.051101433
  -.515999            -0.053426948
  -.514999            -0.055747012
  -.513999            -0.058061551
  -.512999            -0.060370494
  -.511999            -0.062673767
  -.510999            -0.064971299
  -.509999            -0.067263020
  -.508999            -0.069548858
  -.507999            -0.071828744
  -.506999            -0.074102607
  -.505999            -0.076370379
  -.504999            -0.078631991
  -.503999            -0.080887374
  -.502999            -0.083136461
  -.501999            -0.085379185
  -.500999            -0.087615478
  -.499999            -0.089845275
  -.498999            -0.092068510
  -.497999            -0.094285116
  -.496999            -0.096495030
  -.495999            -0.098698187
  -.494999            -0.100894522
  -.493999            -0.103083973
  -.492999            -0.105266476
  -.491999            -0.107441968
  -.490999            -0.109610388
  -.489999            -0.111771675
  -.488999            -0.113925766
  -.487999            -0.116072601
  -.486999            -0.118212119
  -.485999            -0.120344262
  -.484999            -0.122468970
  -.483999            -0.124586183
  -.482999            -0.126695844
  -.481999            -0.128797894
  -.480999            -0.130892276
  -.479999            -0.132978933
  -.478999            -0.135057808
  -.477999            -0.137128846
  -.476999            -0.139191990
  -.475999            -0.141247185
  -.474999            -0.143294377
  -.473999            -0.145333510
  -.472999            -0.147364532
  -.471999            -0.149387389
  -.470999            -0.151402028
  -.469999            -0.153408396
  -.468999            -0.155406441
  -.467999            -0.157396112
  -.466999            -0.159377357
  -.465999            -0.161350126
  -.464999            -0.163314368
  -.463999            -0.165270033
  -.462999            -0.167217072
  -.461999            -0.169155437
  -.460999            -0.171085077
  -.459999            -0.173005946
  -.458999            -0.174917995
  -.457999            -0.176821177
  -.456999            -0.178715446
  -.455999            -0.180600755
  -.454999            -0.182477058
  -.453999            -0.184344309
  -.452999            -0.186202464
  -.451999            -0.188051478
  -.450999            -0.189891306
  -.449999            -0.191721905
  -.448999            -0.193543231
  -.447999            -0.195355241
  -.446999            -0.197157893
  -.445999            -0.198951145
  -.444999            -0.200734955
  -.443999            -0.202509281
  -.442999            -0.204274084
  -.441999            -0.206029321
  -.440999            -0.207774954
  -.439999            -0.209510943
  -.438999            -0.211237249
  -.437999            -0.212953832
  -.436999            -0.214660655
  -.435999            -0.216357679
  -.434999            -0.218044867
  -.433999            -0.219722182
  -.432999            -0.221389587
  -.431999            -0.223047047
  -.430999            -0.224694524
  -.429999            -0.226331984
  -.428999            -0.227959391
  -.427999            -0.229576711
  -.426999            -0.231183909
  -.425999            -0.232780953
  -.424999            -0.234367807
  -.423999            -0.235944440
  -.422999            -0.237510818
  -.421999            -0.239066910
  -.420999            -0.240612683
  -.419999            -0.242148106
  -.418999            -0.243673148
  -.417999            -0.245187778
  -.416999            -0.246691967
  -.415999            -0.248185684
  -.414999            -0.249668899
  -.413999            -0.251141584
  -.412999            -0.252603711
  -.411999            -0.254055250
  -.410999            -0.255496173
  -.409999            -0.256926454
  -.408999            -0.258346066
  -.407999            -0.259754980
  -.406999            -0.261153172
  -.405999            -0.262540615
  -.404999            -0.263917284
  -.403999            -0.265283152
  -.402999            -0.266638197
  -.401999            -0.267982393
  -.400999            -0.269315715
  -.399999            -0.270638141
  -.398999            -0.271949648
  -.397999            -0.273250211
  -.396999            -0.274539809
  -.395999            -0.275818420
  -.394999            -0.277086022
  -.393999            -0.278342592
  -.392999            -0.279588112
  -.391999            -0.280822558
  -.390999            -0.282045913
  -.389999            -0.283258154
  -.388999            -0.284459264
  -.387999            -0.285649222
  -.386999            -0.286828010
  -.385999            -0.287995610
  -.384999            -0.289152003
  -.383999            -0.290297171
  -.382999            -0.291431098
  -.381999            -0.292553766
  -.380999            -0.293665159
  -.379999            -0.294765260
  -.378999            -0.295854054
  -.377999            -0.296931524
  -.376999            -0.297997657
  -.375999            -0.299052436
  -.374999            -0.300095848
  -.373999            -0.301127878
  -.372999            -0.302148513
  -.371999            -0.303157738
  -.370999            -0.304155542
  -.369999            -0.305141911
  -.368999            -0.306116834
  -.367999            -0.307080297
  -.366999            -0.308032289
  -.365999            -0.308972800
  -.364999            -0.309901818
  -.363999            -0.310819332
  -.362999            -0.311725332
  -.361999            -0.312619808
  -.360999            -0.313502751
  -.359999            -0.314374152
  -.358999            -0.315234001
  -.357999            -0.316082290
  -.356999            -0.316919010
  -.355999            -0.317744154
  -.354999            -0.318557715
  -.353999            -0.319359685
  -.352999            -0.320150056
  -.351999            -0.320928824
  -.350999            -0.321695981
  -.349999            -0.322451521
  -.348999            -0.323195439
  -.347999            -0.323927730
  -.346999            -0.324648389
  -.345999            -0.325357412
  -.344999            -0.326054793
  -.343999            -0.326740530
  -.342999            -0.327414618
  -.341999            -0.328077054
  -.340999            -0.328727836
  -.339999            -0.329366961
  -.338999            -0.329994426
  -.337999            -0.330610230
  -.336999            -0.331214371
  -.335999            -0.331806848
  -.334999            -0.332387659
  -.333999            -0.332956804
  -.332999            -0.333514283
  -.331999            -0.334060095
  -.330999            -0.334594241
  -.329999            -0.335116721
  -.328999            -0.335627537
  -.327999            -0.336126689
  -.326999            -0.336614179
  -.325999            -0.337090009
  -.324999            -0.337554180
  -.323999            -0.338006697
  -.322999            -0.338447560
  -.321999            -0.338876773
  -.320999            -0.339294340
  -.319999            -0.339700264
  -.318999            -0.340094549
  -.317999            -0.340477200
  -.316999            -0.340848220
  -.315999            -0.341207616
  -.314999            -0.341555391
  -.313999            -0.341891552
  -.312999            -0.342216104
  -.311999            -0.342529053
  -.310999            -0.342830406
  -.309999            -0.343120170
  -.308999            -0.343398350
  -.307999            -0.343664956
  -.306999            -0.343919993
  -.305999            -0.344163470
  -.304999            -0.344395395
  -.303999            -0.344615776
  -.302999            -0.344824623
  -.301999            -0.345021943
  -.300999            -0.345207747
  -.299999            -0.345382043
  -.298999            -0.345544843
  -.297999            -0.345696155
  -.296999            -0.345835990
  -.295999            -0.345964359
  -.294999            -0.346081273
  -.293999            -0.346186743
  -.292999            -0.346280781
  -.291999            -0.346363398
  -.290999            -0.346434607
  -.289999            -0.346494419
  -.288999            -0.346542848
  -.287999            -0.346579906
  -.286999            -0.346605607
  -.285999            -0.346619963
  -.284999            -0.346622990
  -.283999            -0.346614700
  -.282999            -0.346595108
  -.281999            -0.346564228
  -.280999            -0.346522076
  -.279999            -0.346468666
  -.278999            -0.346404013
  -.277999            -0.346328134
  -.276999            -0.346241044
  -.275999            -0.346142759
  -.274999            -0.346033296
  -.273999            -0.345912670
  -.272999            -0.345780900
  -.271999            -0.345638002
  -.270999            -0.345483994
  -.269999            -0.345318893
  -.268999            -0.345142717
  -.267999            -0.344955485
  -.266999            -0.344757215
  -.265999            -0.344547925
  -.264999            -0.344327635
  -.263999            -0.344096363
  -.262999            -0.343854130
  -.261999            -0.343600954
  -.260999            -0.343336856
  -.259999            -0.343061856
  -.258999            -0.342775975
  -.257999            -0.342479233
  -.256999            -0.342171650
  -.255999            -0.341853249
  -.254999            -0.341524051
  -.253999            -0.341184076
  -.252999            -0.340833348
  -.251999            -0.340471888
  -.250999            -0.340099719
  -.249999            -0.339716863
  -.248999            -0.339323343
  -.247999            -0.338919182
  -.246999            -0.338504404
  -.245999            -0.338079032
  -.244999            -0.337643090
  -.243999            -0.337196602
  -.242999            -0.336739592
  -.241999            -0.336272084
  -.240999            -0.335794104
  -.239999            -0.335305676
  -.238999            -0.334806826
  -.237999            -0.334297578
  -.236999            -0.333777959
  -.235999            -0.333247995
  -.234999            -0.332707710
  -.233999            -0.332157133
  -.232999            -0.331596288
  -.231999            -0.331025204
  -.230999            -0.330443906
  -.229999            -0.329852423
  -.228999            -0.329250781
  -.227999            -0.328639008
  -.226999            -0.328017132
  -.225999            -0.327385181
  -.224999            -0.326743184
  -.223999            -0.326091168
  -.222999            -0.325429162
  -.221999            -0.324757196
  -.220999            -0.324075298
  -.219999            -0.323383497
  -.218999            -0.322681824
  -.217999            -0.321970308
  -.216999            -0.321248979
  -.215999            -0.320517867
  -.214999            -0.319777003
  -.213999            -0.319026416
  -.212999            -0.318266138
  -.211999            -0.317496200
  -.210999            -0.316716632
  -.209999            -0.315927467
  -.208999            -0.315128736
  -.207999            -0.314320470
  -.206999            -0.313502702
  -.205999            -0.312675463
  -.204999            -0.311838786
  -.203999            -0.310992704
  -.202999            -0.310137250
  -.201999            -0.309272455
  -.200999            -0.308398354
  -.199999            -0.307514979
  -.198999            -0.306622365
  -.197999            -0.305720544
  -.196999            -0.304809552
  -.195999            -0.303889421
  -.194999            -0.302960186
  -.193999            -0.302021881
  -.192999            -0.301074542
  -.191999            -0.300118203
  -.190999            -0.299152899
  -.189999            -0.298178665
  -.188999            -0.297195536
  -.187999            -0.296203548
  -.186999            -0.295202737
  -.185999            -0.294193139
  -.184999            -0.293174789
  -.183999            -0.292147724
  -.182999            -0.291111980
  -.181999            -0.290067595
  -.180999            -0.289014604
  -.179999            -0.287953045
  -.178999            -0.286882954
  -.177999            -0.285804369
  -.176999            -0.284717328
  -.175999            -0.283621868
  -.174999            -0.282518026
  -.173999            -0.281405842
  -.172999            -0.280285352
  -.171999            -0.279156595
  -.170999            -0.278019610
  -.169999            -0.276874436
  -.168999            -0.275721110
  -.167999            -0.274559672
  -.166999            -0.273390161
  -.165999            -0.272212616
  -.164999            -0.271027077
  -.163999            -0.269833583
  -.162999            -0.268632174
  -.161999            -0.267422890
  -.160999            -0.266205770
  -.159999            -0.264980856
  -.158999            -0.263748186
  -.157999            -0.262507803
  -.156999            -0.261259746
  -.155999            -0.260004056
  -.154999            -0.258740774
  -.153999            -0.257469941
  -.152999            -0.256191599
  -.151999            -0.254905788
  -.150999            -0.253612551
  -.149999            -0.252311928
  -.148999            -0.251003963
  -.147999            -0.249688696
  -.146999            -0.248366169
  -.145999            -0.247036426
  -.144999            -0.245699508
  -.143999            -0.244355458
  -.142999            -0.243004318
  -.141999            -0.241646132
  -.140999            -0.240280941
  -.139999            -0.238908790
  -.138999            -0.237529721
  -.137999            -0.236143778
  -.136999            -0.234751004
  -.135999            -0.233351442
  -.134999            -0.231945137
  -.133999            -0.230532132
  -.132999            -0.229112471
  -.131999            -0.227686198
  -.130999            -0.226253358
  -.129999            -0.224813994
  -.128999            -0.223368152
  -.127999            -0.221915875
  -.126999            -0.220457209
  -.125999            -0.218992198
  -.124999            -0.217520887
  -.123999            -0.216043322
  -.122999            -0.214559547
  -.121999            -0.213069607
  -.120999            -0.211573549
  -.119999            -0.210071417
  -.118999            -0.208563258
  -.117999            -0.207049117
  -.116999            -0.205529040
  -.115999            -0.204003072
  -.114999            -0.202471261
  -.113999            -0.200933652
  -.112999            -0.199390291
  -.111999            -0.197841225
  -.110999            -0.196286501
  -.109999            -0.194726164
  -.108999            -0.193160263
  -.107999            -0.191588843
  -.106999            -0.190011951
  -.105999            -0.188429635
  -.104999            -0.186841942
  -.103999            -0.185248919
  -.102999            -0.183650613
  -.101999            -0.182047072
  -.100999            -0.180438343
  -.099999            -0.178824474
  -.098999            -0.177205513
  -.097999            -0.175581507
  -.096999            -0.173952504
  -.095999            -0.172318553
  -.094999            -0.170679701
  -.093999            -0.169035997
  -.092999            -0.167387489
  -.091999            -0.165734226
  -.090999            -0.164076255
  -.089999            -0.162413625
  -.088999            -0.160746385
  -.087999            -0.159074584
  -.086999            -0.157398271
  -.085999            -0.155717493
  -.084999            -0.154032301
  -.083999            -0.152342744
  -.082999            -0.150648870
  -.081999            -0.148950728
  -.080999            -0.147248369
  -.079999            -0.145541841
  -.078999            -0.143831193
  -.077999            -0.142116476
  -.076999            -0.140397739
  -.075999            -0.138675031
  -.074999            -0.136948402
  -.073999            -0.135217903
  -.072999            -0.133483582
  -.071999            -0.131745491
  -.070999            -0.130003678
  -.069999            -0.128258194
  -.068999            -0.126509090
  -.067999            -0.124756415
  -.066999            -0.123000219
  -.065999            -0.121240553
  -.064999            -0.119477468
  -.063999            -0.117711014
  -.062999            -0.115941241
  -.061999            -0.114168200
  -.060999            -0.112391942
  -.059999            -0.110612517
  -.058999            -0.108829976
  -.057999            -0.107044370
  -.056999            -0.105255750
  -.055999            -0.103464167
  -.054999            -0.101669671
  -.053999            -0.099872314
  -.052999            -0.098072148
  -.051999            -0.096269222
  -.050999            -0.094463588
  -.049999            -0.092655298
  -.048999            -0.090844403
  -.047999            -0.089030954
  -.046999            -0.087215002
  -.045999            -0.085396600
  -.044999            -0.083575798
  -.043999            -0.081752647
  -.042999            -0.079927201
  -.041999            -0.078099509
  -.040999            -0.076269624
  -.039999            -0.074437598
  -.038999            -0.072603482
  -.037999            -0.070767327
  -.036999            -0.068929187
  -.035999            -0.067089112
  -.034999            -0.065247154
  -.033999            -0.063403366
  -.032999            -0.061557799
  -.031999            -0.059710506
  -.030999            -0.057861537
  -.029999            -0.056010946
  -.028999            -0.054158784
  -.027999            -0.052305104
  -.026999            -0.050449957
  -.025999            -0.048593396
  -.024999            -0.046735473
  -.023999            -0.044876240
  -.022999            -0.043015749
  -.021999            -0.041154052
  -.020999            -0.039291202
  -.019999            -0.037427252
  -.018999            -0.035562252
  -.017999            -0.033696257
  -.016999            -0.031829317
  -.015999            -0.029961486
  -.014999            -0.028092815
  -.013999            -0.026223358
  -.012999            -0.024353166
  -.011999            -0.022482292
  -.010999            -0.020610788
  -.009999            -0.018738707
  -.008999            -0.016866101
  -.007999            -0.014993023
  -.006999            -0.013119525
  -.005999            -0.011245660
  -.004999            -0.009371480
  -.003999            -0.007497037
  -.002999            -0.005622385
  -.001999            -0.003747575
  -.000999            -0.001872660
  0.000001             0.000002307
  0.001001             0.001877274
  0.002001             0.003752189
  0.003001             0.005626998
  0.004001             0.007501650
  0.005001             0.009376092
  0.006001             0.011250272
  0.007001             0.013124136
  0.008001             0.014997633
  0.009001             0.016870710
  0.010001             0.018743315
  0.011001             0.020615394
  0.012001             0.022486896
  0.013001             0.024357769
  0.014001             0.026227959
  0.015001             0.028097415
  0.016001             0.029966083
  0.017001             0.031833912
  0.018001             0.033700850
  0.019001             0.035566843
  0.020001             0.037431840
  0.021001             0.039295788
  0.022001             0.041158635
  0.023001             0.043020328
  0.024001             0.044880816
  0.025001             0.046740046
  0.026001             0.048597966
  0.027001             0.050454524
  0.028001             0.052309667
  0.029001             0.054163344
  0.030001             0.056015501
  0.031001             0.057866089
  0.032001             0.059715053
  0.033001             0.061562342
  0.034001             0.063407905
  0.035001             0.065251689
  0.036001             0.067093641
  0.037001             0.068933712
  0.038001             0.070771847
  0.039001             0.072607997
  0.040001             0.074442108
  0.041001             0.076274129
  0.042001             0.078104008
  0.043001             0.079931694
  0.044001             0.081757135
  0.045001             0.083580280
  0.046001             0.085401076
  0.047001             0.087219473
  0.048001             0.089035418
  0.049001             0.090848861
  0.050001             0.092659750
  0.051001             0.094468033
  0.052001             0.096273660
  0.053001             0.098076579
  0.054001             0.099876739
  0.055001             0.101674088
  0.056001             0.103468576
  0.057001             0.105260152
  0.058001             0.107048765
  0.059001             0.108834363
  0.060001             0.110616896
  0.061001             0.112396314
  0.062001             0.114172564
  0.063001             0.115945597
  0.064001             0.117715362
  0.065001             0.119481808
  0.066001             0.121244884
  0.067001             0.123004541
  0.068001             0.124760728
  0.069001             0.126513395
  0.070001             0.128262490
  0.071001             0.130007965
  0.072001             0.131749768
  0.073001             0.133487851
  0.074001             0.135222162
  0.075001             0.136952652
  0.076001             0.138679270
  0.077001             0.140401968
  0.078001             0.142120696
  0.079001             0.143835403
  0.080001             0.145546040
  0.081001             0.147252558
  0.082001             0.148954907
  0.083001             0.150653038
  0.084001             0.152346901
  0.085001             0.154036448
  0.086001             0.155721629
  0.087001             0.157402395
  0.088001             0.159078698
  0.089001             0.160750488
  0.090001             0.162417716
  0.091001             0.164080334
  0.092001             0.165738293
  0.093001             0.167391545
  0.094001             0.169040041
  0.095001             0.170683733
  0.096001             0.172322573
  0.097001             0.173956512
  0.098001             0.175585502
  0.099001             0.177209495
  0.100001             0.178828444
  0.101001             0.180442300
  0.102001             0.182051016
  0.103001             0.183654545
  0.104001             0.185252837
  0.105001             0.186845847
  0.106001             0.188433527
  0.107001             0.190015830
  0.108001             0.191592708
  0.109001             0.193164114
  0.110001             0.194730002
  0.111001             0.196290324
  0.112001             0.197845035
  0.113001             0.199394086
  0.114001             0.200937433
  0.115001             0.202475028
  0.116001             0.204006825
  0.117001             0.205532777
  0.118001             0.207052840
  0.119001             0.208566966
  0.120001             0.210075111
  0.121001             0.211577227
  0.122001             0.213073270
  0.123001             0.214563194
  0.124001             0.216046954
  0.125001             0.217524504
  0.126001             0.218995799
  0.127001             0.220460794
  0.128001             0.221919445
  0.129001             0.223371706
  0.130001             0.224817532
  0.131001             0.226256880
  0.132001             0.227689704
  0.133001             0.229115960
  0.134001             0.230535604
  0.135001             0.231948593
  0.136001             0.233354881
  0.137001             0.234754426
  0.138001             0.236147183
  0.139001             0.237533110
  0.140001             0.238912161
  0.141001             0.240284295
  0.142001             0.241649468
  0.143001             0.243007637
  0.144001             0.244358760
  0.145001             0.245702792
  0.146001             0.247039692
  0.147001             0.248369418
  0.148001             0.249691926
  0.149001             0.251007175
  0.150001             0.252315123
  0.151001             0.253615727
  0.152001             0.254908946
  0.153001             0.256194738
  0.154001             0.257473061
  0.155001             0.258743875
  0.156001             0.260007139
  0.157001             0.261262810
  0.158001             0.262510848
  0.159001             0.263751212
  0.160001             0.264983862
  0.161001             0.266208758
  0.162001             0.267425858
  0.163001             0.268635123
  0.164001             0.269836512
  0.165001             0.271029986
  0.166001             0.272215506
  0.167001             0.273393031
  0.168001             0.274562522
  0.169001             0.275723939
  0.170001             0.276877245
  0.171001             0.278022400
  0.172001             0.279159364
  0.173001             0.280288100
  0.174001             0.281408570
  0.175001             0.282520734
  0.176001             0.283624554
  0.177001             0.284719994
  0.178001             0.285807014
  0.179001             0.286885578
  0.180001             0.287955647
  0.181001             0.289017185
  0.182001             0.290070155
  0.183001             0.291114519
  0.184001             0.292150242
  0.185001             0.293177285
  0.186001             0.294195613
  0.187001             0.295205190
  0.188001             0.296205979
  0.189001             0.297197945
  0.190001             0.298181052
  0.191001             0.299155264
  0.192001             0.300120546
  0.193001             0.301076863
  0.194001             0.302024180
  0.195001             0.302962462
  0.196001             0.303891674
  0.197001             0.304811782
  0.198001             0.305722752
  0.199001             0.306624550
  0.200001             0.307517142
  0.201001             0.308400493
  0.202001             0.309274572
  0.203001             0.310139343
  0.204001             0.310994775
  0.205001             0.311840834
  0.206001             0.312677487
  0.207001             0.313504702
  0.208001             0.314322447
  0.209001             0.315130690
  0.210001             0.315929397
  0.211001             0.316718539
  0.212001             0.317498082
  0.213001             0.318267997
  0.214001             0.319028251
  0.215001             0.319778814
  0.216001             0.320519654
  0.217001             0.321250742
  0.218001             0.321972047
  0.219001             0.322683539
  0.220001             0.323385187
  0.221001             0.324076963
  0.222001             0.324758837
  0.223001             0.325430779
  0.224001             0.326092760
  0.225001             0.326744751
  0.226001             0.327386724
  0.227001             0.328018650
  0.228001             0.328640501
  0.229001             0.329252249
  0.230001             0.329853866
  0.231001             0.330445324
  0.232001             0.331026597
  0.233001             0.331597656
  0.234001             0.332158475
  0.235001             0.332709027
  0.236001             0.333249286
  0.237001             0.333779225
  0.238001             0.334298819
  0.239001             0.334808041
  0.240001             0.335306865
  0.241001             0.335795268
  0.242001             0.336273222
  0.243001             0.336740704
  0.244001             0.337197688
  0.245001             0.337644150
  0.246001             0.338080066
  0.247001             0.338505412
  0.248001             0.338920164
  0.249001             0.339324299
  0.250001             0.339717792
  0.251001             0.340100622
  0.252001             0.340472765
  0.253001             0.340834199
  0.254001             0.341184900
  0.255001             0.341524848
  0.256001             0.341854020
  0.257001             0.342172395
  0.258001             0.342479951
  0.259001             0.342776666
  0.260001             0.343062521
  0.261001             0.343337494
  0.262001             0.343601565
  0.263001             0.343854714
  0.264001             0.344096920
  0.265001             0.344328165
  0.266001             0.344548428
  0.267001             0.344757691
  0.268001             0.344955934
  0.269001             0.345143139
  0.270001             0.345319288
  0.271001             0.345484362
  0.272001             0.345638343
  0.273001             0.345781213
  0.274001             0.345912956
  0.275001             0.346033554
  0.276001             0.346142990
  0.277001             0.346241248
  0.278001             0.346328310
  0.279001             0.346404162
  0.280001             0.346468787
  0.281001             0.346522169
  0.282001             0.346564294
  0.283001             0.346595146
  0.284001             0.346614710
  0.285001             0.346622973
  0.286001             0.346619919
  0.287001             0.346605534
  0.288001             0.346579806
  0.289001             0.346542720
  0.290001             0.346494263
  0.291001             0.346434423
  0.292001             0.346363186
  0.293001             0.346280541
  0.294001             0.346186476
  0.295001             0.346080977
  0.296001             0.345964035
  0.297001             0.345835638
  0.298001             0.345695775
  0.299001             0.345544435
  0.300001             0.345381607
  0.301001             0.345207283
  0.302001             0.345021451
  0.303001             0.344824102
  0.304001             0.344615228
  0.305001             0.344394818
  0.306001             0.344162865
  0.307001             0.343919360
  0.308001             0.343664294
  0.309001             0.343397661
  0.310001             0.343119452
  0.311001             0.342829660
  0.312001             0.342528279
  0.313001             0.342215301
  0.314001             0.341890721
  0.315001             0.341554532
  0.316001             0.341206728
  0.317001             0.340847304
  0.318001             0.340476255
  0.319001             0.340093576
  0.320001             0.339699263
  0.321001             0.339293310
  0.322001             0.338875715
  0.323001             0.338446474
  0.324001             0.338005582
  0.325001             0.337553038
  0.326001             0.337088837
  0.327001             0.336612979
  0.328001             0.336125461
  0.329001             0.335626280
  0.330001             0.335115437
  0.331001             0.334592928
  0.332001             0.334058753
  0.333001             0.333512913
  0.334001             0.332955406
  0.335001             0.332386232
  0.336001             0.331805393
  0.337001             0.331212888
  0.338001             0.330608719
  0.339001             0.329992887
  0.340001             0.329365393
  0.341001             0.328726240
  0.342001             0.328075430
  0.343001             0.327412965
  0.344001             0.326738848
  0.345001             0.326053083
  0.346001             0.325355674
  0.347001             0.324646623
  0.348001             0.323925936
  0.349001             0.323193617
  0.350001             0.322449670
  0.351001             0.321694102
  0.352001             0.320926917
  0.353001             0.320148122
  0.354001             0.319357722
  0.355001             0.318555724
  0.356001             0.317742135
  0.357001             0.316916963
  0.358001             0.316080214
  0.359001             0.315231898
  0.360001             0.314372021
  0.361001             0.313500592
  0.362001             0.312617621
  0.363001             0.311723117
  0.364001             0.310817089
  0.365001             0.309899547
  0.366001             0.308970502
  0.367001             0.308029964
  0.368001             0.307077943
  0.369001             0.306114453
  0.370001             0.305139503
  0.371001             0.304153106
  0.372001             0.303155274
  0.373001             0.302146021
  0.374001             0.301125359
  0.375001             0.300093302
  0.376001             0.299049862
  0.377001             0.297995056
  0.378001             0.296928896
  0.379001             0.295851398
  0.380001             0.294762577
  0.381001             0.293662449
  0.382001             0.292551029
  0.383001             0.291428334
  0.384001             0.290294380
  0.385001             0.289149184
  0.386001             0.287992764
  0.387001             0.286825138
  0.388001             0.285646323
  0.389001             0.284456338
  0.390001             0.283255202
  0.391001             0.282042933
  0.392001             0.280819553
  0.393001             0.279585079
  0.394001             0.278339534
  0.395001             0.277082936
  0.396001             0.275815308
  0.397001             0.274536671
  0.398001             0.273247047
  0.399001             0.271946457
  0.400001             0.270634925
  0.401001             0.269312472
  0.402001             0.267979124
  0.403001             0.266634902
  0.404001             0.265279832
  0.405001             0.263913937
  0.406001             0.262537243
  0.407001             0.261149774
  0.408001             0.259751556
  0.409001             0.258342616
  0.410001             0.256922979
  0.411001             0.255492673
  0.412001             0.254051724
  0.413001             0.252600160
  0.414001             0.251138008
  0.415001             0.249665298
  0.416001             0.248182058
  0.417001             0.246688316
  0.418001             0.245184102
  0.419001             0.243669447
  0.420001             0.242144380
  0.421001             0.240608933
  0.422001             0.239063135
  0.423001             0.237507019
  0.424001             0.235940616
  0.425001             0.234363959
  0.426001             0.232777080
  0.427001             0.231180013
  0.428001             0.229572790
  0.429001             0.227955446
  0.430001             0.226328015
  0.431001             0.224690532
  0.432001             0.223043031
  0.433001             0.221385548
  0.434001             0.219718119
  0.435001             0.218040781
  0.436001             0.216353569
  0.437001             0.214656522
  0.438001             0.212949676
  0.439001             0.211233070
  0.440001             0.209506742
  0.441001             0.207770730
  0.442001             0.206025074
  0.443001             0.204269814
  0.444001             0.202504989
  0.445001             0.200730640
  0.446001             0.198946808
  0.447001             0.197153534
  0.448001             0.195350860
  0.449001             0.193538828
  0.450001             0.191717480
  0.451001             0.189886859
  0.452001             0.188047010
  0.453001             0.186197975
  0.454001             0.184339798
  0.455001             0.182472526
  0.456001             0.180596202
  0.457001             0.178710872
  0.458001             0.176816582
  0.459001             0.174913379
  0.460001             0.173001309
  0.461001             0.171080420
  0.462001             0.169150759
  0.463001             0.167212374
  0.464001             0.165265315
  0.465001             0.163309630
  0.466001             0.161345368
  0.467001             0.159372579
  0.468001             0.157391314
  0.469001             0.155401624
  0.470001             0.153403559
  0.471001             0.151397172
  0.472001             0.149382514
  0.473001             0.147359638
  0.474001             0.145328597
  0.475001             0.143289445
  0.476001             0.141242234
  0.477001             0.139187021
  0.478001             0.137123859
  0.479001             0.135052803
  0.480001             0.132973910
  0.481001             0.130887235
  0.482001             0.128792835
  0.483001             0.126690767
  0.484001             0.124581089
  0.485001             0.122463858
  0.486001             0.120339134
  0.487001             0.118206974
  0.488001             0.116067438
  0.489001             0.113920586
  0.490001             0.111766479
  0.491001             0.109605176
  0.492001             0.107436740
  0.493001             0.105261231
  0.494001             0.103078712
  0.495001             0.100889246
  0.496001             0.098692895
  0.497001             0.096489723
  0.498001             0.094279794
  0.499001             0.092063172
  0.500001             0.089839923
  0.501001             0.087610111
  0.502001             0.085373803
  0.503001             0.083131065
  0.504001             0.080881964
  0.505001             0.078626566
  0.506001             0.076364940
  0.507001             0.074097155
  0.508001             0.071823278
  0.509001             0.069543379
  0.510001             0.067257527
  0.511001             0.064965793
  0.512001             0.062668248
  0.513001             0.060364962
  0.514001             0.058056007
  0.515001             0.055741456
  0.516001             0.053421380
  0.517001             0.051095853
  0.518001             0.048764948
  0.519001             0.046428740
  0.520001             0.044087303
  0.521001             0.041740711
  0.522001             0.039389041
  0.523001             0.037032369
  0.524001             0.034670771
  0.525001             0.032304323
  0.526001             0.029933104
  0.527001             0.027557191
  0.528001             0.025176664
  0.529001             0.022791600
  0.530001             0.020402079
  0.531001             0.018008182
  0.532001             0.015609989
  0.533001             0.013207580
  0.534001             0.010801038
  0.535001             0.008390444
  0.536001             0.005975881
  0.537001             0.003557431
  0.538001             0.001135179
  0.539001            -0.001290793
  0.540001            -0.003720398
  0.541001            -0.006153553
  0.542001            -0.008590171
  0.543001            -0.011030167
  0.544001            -0.013473454
  0.545001            -0.015919945
  0.546001            -0.018369553
  0.547001            -0.020822188
  0.548001            -0.023277764
  0.549001            -0.025736190
  0.550001            -0.028197377
  0.551001            -0.030661235
  0.552001            -0.033127673
  0.553001            -0.035596599
  0.554001            -0.038067923
  0.555001            -0.040541552
  0.556001            -0.043017393
  0.557001            -0.045495352
  0.558001            -0.047975337
  0.559001            -0.050457252
  0.560001            -0.052941002
  0.561001            -0.055426493
  0.562001            -0.057913629
  0.563001            -0.060402312
  0.564001            -0.062892446
  0.565001            -0.065383934
  0.566001            -0.067876677
  0.567001            -0.070370576
  0.568001            -0.072865533
  0.569001            -0.075361448
  0.570001            -0.077858221
  0.571001            -0.080355750
  0.572001            -0.082853935
  0.573001            -0.085352674
  0.574001            -0.087851865
  0.575001            -0.090351404
  0.576001            -0.092851188
  0.577001            -0.095351113
  0.578001            -0.097851075
  0.579001            -0.100350968
  0.580001            -0.102850687
  0.581001            -0.105350126
  0.582001            -0.107849178
  0.583001            -0.110347735
  0.584001            -0.112845691
  0.585001            -0.115342936
  0.586001            -0.117839361
  0.587001            -0.120334857
  0.588001            -0.122829315
  0.589001            -0.125322623
  0.590001            -0.127814671
  0.591001            -0.130305346
  0.592001            -0.132794536
  0.593001            -0.135282129
  0.594001            -0.137768011
  0.595001            -0.140252069
  0.596001            -0.142734187
  0.597001            -0.145214251
  0.598001            -0.147692145
  0.599001            -0.150167753
  0.600001            -0.152640958
  0.601001            -0.155111643
  0.602001            -0.157579690
  0.603001            -0.160044981
  0.604001            -0.162507396
  0.605001            -0.164966816
  0.606001            -0.167423120
  0.607001            -0.169876189
  0.608001            -0.172325900
  0.609001            -0.174772132
  0.610001            -0.177214763
  0.611001            -0.179653669
  0.612001            -0.182088726
  0.613001            -0.184519811
  0.614001            -0.186946799
  0.615001            -0.189369565
  0.616001            -0.191787982
  0.617001            -0.194201924
  0.618001            -0.196611264
  0.619001            -0.199015874
  0.620001            -0.201415626
  0.621001            -0.203810392
  0.622001            -0.206200041
  0.623001            -0.208584444
  0.624001            -0.210963470
  0.625001            -0.213336988
  0.626001            -0.215704867
  0.627001            -0.218066973
  0.628001            -0.220423174
  0.629001            -0.222773337
  0.630001            -0.225117327
  0.631001            -0.227455009
  0.632001            -0.229786248
  0.633001            -0.232110909
  0.634001            -0.234428854
  0.635001            -0.236739947
  0.636001            -0.239044049
  0.637001            -0.241341023
  0.638001            -0.243630730
  0.639001            -0.245913030
  0.640001            -0.248187783
  0.641001            -0.250454848
  0.642001            -0.252714083
  0.643001            -0.254965348
  0.644001            -0.257208499
  0.645001            -0.259443394
  0.646001            -0.261669887
  0.647001            -0.263887836
  0.648001            -0.266097095
  0.649001            -0.268297519
  0.650001            -0.270488960
  0.651001            -0.272671273
  0.652001            -0.274844311
  0.653001            -0.277007924
  0.654001            -0.279161964
  0.655001            -0.281306283
  0.656001            -0.283440729
  0.657001            -0.285565153
  0.658001            -0.287679404
  0.659001            -0.289783329
  0.660001            -0.291876777
  0.661001            -0.293959594
  0.662001            -0.296031626
  0.663001            -0.298092720
  0.664001            -0.300142721
  0.665001            -0.302181472
  0.666001            -0.304208818
  0.667001            -0.306224603
  0.668001            -0.308228668
  0.669001            -0.310220856
  0.670001            -0.312201008
  0.671001            -0.314168964
  0.672001            -0.316124566
  0.673001            -0.318067651
  0.674001            -0.319998060
  0.675001            -0.321915630
  0.676001            -0.323820199
  0.677001            -0.325711604
  0.678001            -0.327589680
  0.679001            -0.329454264
  0.680001            -0.331305191
  0.681001            -0.333142294
  0.682001            -0.334965408
  0.683001            -0.336774366
  0.684001            -0.338569000
  0.685001            -0.340349142
  0.686001            -0.342114622
  0.687001            -0.343865272
  0.688001            -0.345600921
  0.689001            -0.347321399
  0.690001            -0.349026533
  0.691001            -0.350716153
  0.692001            -0.352390084
  0.693001            -0.354048154
  0.694001            -0.355690188
  0.695001            -0.357316012
  0.696001            -0.358925450
  0.697001            -0.360518327
  0.698001            -0.362094465
  0.699001            -0.363653688
  0.700001            -0.365195816
  0.701001            -0.366720672
  0.702001            -0.368228076
  0.703001            -0.369717848
  0.704001            -0.371189808
  0.705001            -0.372643774
  0.706001            -0.374079564
  0.707001            -0.375496995
  0.708001            -0.376895884
  0.709001            -0.378276047
  0.710001            -0.379637300
  0.711001            -0.380979456
  0.712001            -0.382302331
  0.713001            -0.383605737
  0.714001            -0.384889486
  0.715001            -0.386153392
  0.716001            -0.387397265
  0.717001            -0.388620915
  0.718001            -0.389824154
  0.719001            -0.391006789
  0.720001            -0.392168630
  0.721001            -0.393309484
  0.722001            -0.394429159
  0.723001            -0.395527461
  0.724001            -0.396604196
  0.725001            -0.397659169
  0.726001            -0.398692185
  0.727001            -0.399703048
  0.728001            -0.400691560
  0.729001            -0.401657524
  0.730001            -0.402600742
  0.731001            -0.403521015
  0.732001            -0.404418143
  0.733001            -0.405291926
  0.734001            -0.406142163
  0.735001            -0.406968652
  0.736001            -0.407771190
  0.737001            -0.408549576
  0.738001            -0.409303604
  0.739001            -0.410033070
  0.740001            -0.410737770
  0.741001            -0.411417497
  0.742001            -0.412072044
  0.743001            -0.412701205
  0.744001            -0.413304771
  0.745001            -0.413882534
  0.746001            -0.414434285
  0.747001            -0.414959812
  0.748001            -0.415458906
  0.749001            -0.415931355
  0.750001            -0.416376946
  0.751001            -0.416795467
  0.752001            -0.417186705
  0.753001            -0.417550444
  0.754001            -0.417886470
  0.755001            -0.418194566
  0.756001            -0.418474518
  0.757001            -0.418726106
  0.758001            -0.418949114
  0.759001            -0.419143322
  0.760001            -0.419308513
  0.761001            -0.419444464
  0.762001            -0.419550956
  0.763001            -0.419627767
  0.764001            -0.419674675
  0.765001            -0.419691457
  0.766001            -0.419677889
  0.767001            -0.419633747
  0.768001            -0.419558806
  0.769001            -0.419452840
  0.770001            -0.419315622
  0.771001            -0.419146926
  0.772001            -0.418946522
  0.773001            -0.418714184
  0.774001            -0.418449680
  0.775001            -0.418152780
  0.776001            -0.417823255
  0.777001            -0.417460872
  0.778001            -0.417065398
  0.779001            -0.416636601
  0.780001            -0.416174247
  0.781001            -0.415678102
  0.782001            -0.415147929
  0.783001            -0.414583492
  0.784001            -0.413984556
  0.785001            -0.413350882
  0.786001            -0.412682233
  0.787001            -0.411978368
  0.788001            -0.411239049
  0.789001            -0.410464034
  0.790001            -0.409653083
  0.791001            -0.408805954
  0.792001            -0.407922403
  0.793001            -0.407002187
  0.794001            -0.406045063
  0.795001            -0.405050784
  0.796001            -0.404019106
  0.797001            -0.402949781
  0.798001            -0.401842563
  0.799001            -0.400697204
  0.800001            -0.399513454
  0.801001            -0.398291064
  0.802001            -0.397029784
  0.803001            -0.395729363
  0.804001            -0.394389549
  0.805001            -0.393010090
  0.806001            -0.391590732
  0.807001            -0.390131221
  0.808001            -0.388631302
  0.809001            -0.387090720
  0.810001            -0.385509219
  0.811001            -0.383886540
  0.812001            -0.382222427
  0.813001            -0.380516621
  0.814001            -0.378768862
  0.815001            -0.376978890
  0.816001            -0.375146445
  0.817001            -0.373271263
  0.818001            -0.371353084
  0.819001            -0.369391643
  0.820001            -0.367386677
  0.821001            -0.365337921
  0.822001            -0.363245109
  0.823001            -0.361107974
  0.824001            -0.358926250
  0.825001            -0.356699669
  0.826001            -0.354427963
  0.827001            -0.352110860
  0.828001            -0.349748092
  0.829001            -0.347339387
  0.830001            -0.344884474
  0.831001            -0.342383079
  0.832001            -0.339834930
  0.833001            -0.337239752
  0.834001            -0.334597270
  0.835001            -0.331907209
  0.836001            -0.329169292
  0.837001            -0.326383242
  0.838001            -0.323548780
  0.839001            -0.320665627
  0.840001            -0.317733505
  0.841001            -0.314752132
  0.842001            -0.311721227
  0.843001            -0.308640508
  0.844001            -0.305509693
  0.845001            -0.302328496
  0.846001            -0.299096635
  0.847001            -0.295813824
  0.848001            -0.292479776
  0.849001            -0.289094205
  0.850001            -0.285656823
  0.851001            -0.282167342
  0.852001            -0.278625472
  0.853001            -0.275030924
  0.854001            -0.271383405
  0.855001            -0.267682626
  0.856001            -0.263928293
  0.857001            -0.260120112
  0.858001            -0.256257791
  0.859001            -0.252341033
  0.860001            -0.248369543
  0.861001            -0.244343025
  0.862001            -0.240261181
  0.863001            -0.236123714
  0.864001            -0.231930323
  0.865001            -0.227680709
  0.866001            -0.223374572
  0.867001            -0.219011610
  0.868001            -0.214591521
  0.869001            -0.210114002
  0.870001            -0.205578748
  0.871001            -0.200985456
  0.872001            -0.196333820
  0.873001            -0.191623532
  0.874001            -0.186854287
  0.875001            -0.182025776
  0.876001            -0.177137690
  0.877001            -0.172189720
  0.878001            -0.167181555
  0.879001            -0.162112884
  0.880001            -0.156983394
  0.881001            -0.151792772
  0.882001            -0.146540706
  0.883001            -0.141226880
  0.884001            -0.135850978
  0.885001            -0.130412685
  0.886001            -0.124911683
  0.887001            -0.119347654
  0.888001            -0.113720279
  0.889001            -0.108029240
  0.890001            -0.102274214
  0.891001            -0.096454882
  0.892001            -0.090570920
  0.893001            -0.084622005
  0.894001            -0.078607815
  0.895001            -0.072528024
  0.896001            -0.066382306
  0.897001            -0.060170335
  0.898001            -0.053891784
  0.899001            -0.047546325
  0.900001            -0.041133629
  0.901001            -0.034653366
  0.902001            -0.028105205
  0.903001            -0.021488815
  0.904001            -0.014803864
  0.905001            -0.008050018
  0.906001            -0.001226943
  0.907001             0.005665695
  0.908001             0.012628233
  0.909001             0.019661006
  0.910001             0.026764353
  0.911001             0.033938612
  0.912001             0.041184122
  0.913001             0.048501224
  0.914001             0.055890257
  0.915001             0.063351564
  0.916001             0.070885487
  0.917001             0.078492370
  0.918001             0.086172558
  0.919001             0.093926395
  0.920001             0.101754228
  0.921001             0.109656404
  0.922001             0.117633270
  0.923001             0.125685176
  0.924001             0.133812470
  0.925001             0.142015504
  0.926001             0.150294628
  0.927001             0.158650196
  0.928001             0.167082559
  0.929001             0.175592072
  0.930001             0.184179090
  0.931001             0.192843969
  0.932001             0.201587064
  0.933001             0.210408734
  0.934001             0.219309337
  0.935001             0.228289232
  0.936001             0.237348780
  0.937001             0.246488341
  0.938001             0.255708277
  0.939001             0.265008951
  0.940001             0.274390726
  0.941001             0.283853968
  0.942001             0.293399041
  0.943001             0.303026312
  0.944001             0.312736148
  0.945001             0.322528918
  0.946001             0.332404990
  0.947001             0.342364734
  0.948001             0.352408520
  0.949001             0.362536722
  0.950001             0.372749710
  0.951001             0.383047859
  0.952001             0.393431544
  0.953001             0.403901138
  0.954001             0.414457019
  0.955001             0.425099563
  0.956001             0.435829149
  0.957001             0.446646155
  0.958001             0.457550961
  0.959001             0.468543948
  0.960001             0.479625497
  0.961001             0.490795991
  0.962001             0.502055813
  0.963001             0.513405348
  0.964001             0.524844980
  0.965001             0.536375096
  0.966001             0.547996083
  0.967001             0.559708329
  0.968001             0.571512222
  0.969001             0.583408153
  0.970001             0.595396512
  0.971001             0.607477690
  0.972001             0.619652080
  0.973001             0.631920076
  0.974001             0.644282072
  0.975001             0.656738463
  0.976001             0.669289644
  0.977001             0.681936014
  0.978001             0.694677971
  0.979001             0.707515912
  0.980001             0.720450238
  0.981001             0.733481350
  0.982001             0.746609649
  0.983001             0.759835538
  0.984001             0.773159420
  0.985001             0.786581699
  0.986001             0.800102782
  0.987001             0.813723073
  0.988001             0.827442979
  0.989001             0.841262910
  0.990001             0.855183272
  0.991001             0.869204476
  0.992001             0.883326932
  0.993001             0.897551050
  0.994001             0.911877240
  0.995001             0.926305915
  0.996001             0.940837482
  0.997001             0.955472349
  0.998001             0.970210911
  0.999001             0.985053517
  1.000001             1.000000000
