 0.4473270413220521
 0.061946395673764115
 0.8493530199627176
 0.6129578090333184
 0.7924091493209865
 0.19462571036751658
 0.4549517032946235
 0.21849267348576925
 0.6185210437134474
 0.8525211554730874
 0.3239041240531505
 0.46445477873294382
 0.31584128025725533
 0.4856116524364853
 0.37282169641592616
 0.952383459244102
 0.8321282387860717
 0.9703550639889924
 0.47814354155126193
 0.5513373749104037
 0.6891701671244436
 0.9110591066121397
 0.6205454838092186
 0.9083506205158078
 0.6439954804461427
 0.5206802991780826
 0.4282574874946183
 0.42032247140087286
 0.9065093930375343
 0.5608415591813817
 0.5461575255478537
 0.5890161238559597
 0.5627464328719053
 0.6616961806368531
 0.859225652813551
 0.19900073748966706
 0.9605163971709632
 0.555460795180621
 0.7741027351348208
 0.43905512608543756
 0.2828832108447715
 0.824583040748063
 0.3227093759564262
 0.8947895307069599
 0.8479594026449877
 0.7697809401293195
 0.8734412036712471
 0.7214577972988868
 0.9600549550075341
 0.724902655475262
 0.5463891786273519
 0.4298834726819227
 0.7096156908243968
 0.28792553706463686
 0.6179268394214694
 0.9343043430868091
 0.3115304227506418
 0.6489891273197669
 0.8374762613966484
 0.4523512341791537
 0.9569533532284918
 0.8780571044786168
 0.4387726489635058
 0.03067139528257372
 0.44103096166673633
 0.28862278633221183
 0.9621631587679328
 0.2575418328668651
 0.46064800106019127
 0.25734941887545836
 0.6281325159725417
 0.9867760253077261
 0.7124885633180328
 0.354261164997826
 0.8310468873619321
 0.6683994436489415
 0.8603992224952202
 0.4187968598300577
 0.6646670209545024
 0.6069880901402741
 0.17840561856441464
 0.6685919515642303
 0.11154559390225707
 0.8475107543391696
 0.6301895824401591
 0.6644576232249189
 0.1373795629653053
 0.160313459886384
 0.39302154341387635
 0.8866350701482198
 0.4667805369323029
 0.17010974319191163
 0.409264729316004
 0.25760817483887454
 0.6758676649890223
 0.5220984263914166
 0.8094353127802889
 0.5333324857211357
 0.5491209788011018
 0.6727399133950193
 0.6251171228127169
 0.7282579983250508
 0.7647596007514559
 0.5227532269539094
 0.5629884588825462
 0.2951896988298696
 0.7047180199551943
 0.7359641610812226
 0.47481862012055625
 0.635657945524742
 0.25440790483467645
 0.9258336515751825
 0.9777616305173193
 0.9254232734560142
 0.8265507481650218
 0.6089811220341274
 0.8606548827889632
 0.9080312295854239
 0.36085745960513954
 0.8899882921902408
 0.9635302411688167
 0.3202505766042743
 0.8663181335042782
 0.15603242947535236
 0.5989439218765794
 0.4091447558296589
 0.609812077605078
 0.8126509676280669
 0.7497716004726344
 0.34674406342522423
 0.5718642002771908
 0.7978638735124207
 0.2241657509115366
 0.9911935095634281
 0.84235715258045
 0.2207484058666735
 0.9800230157468579
 0.3467587427919539
 0.9957815570737151
 0.6312810029980171
 0.5100906800060024
 0.5511089555691504
 0.6910424925345197
 0.5526551401487807
 0.3921926005707089
 0.3758001379090362
 0.7574793706915712
 0.4497327938441805
 0.711193126258996
 0.35728285552807292
 0.8528197233345451
 0.7857414554738168
 0.4087743507273376
 0.6763712874503671
 0.21552850576840734
 0.5098730160900733
 0.8604330469204267
 0.23171446846412246
 0.8626776877151233
 0.580018289284789
 0.7283876656686833
 0.9729750667572836
 0.2776582938514921
 0.9150014710216792
 0.28712380900379413
 0.3071601973414236
 0.8059086868566968
 0.5915730630008378
 0.19932580417922027
 0.25316434402631804
 0.7516101426685278
 0.4538984603965183
 0.5740482754418851
 0.8285644392150289
 0.3417031593349309
 0.4947928505925428
 0.3843218671084951
 0.4864178102400235
 0.42541259197770286
 0.7566936176534248
 0.37570866727070356
 0.9851368162711789
 0.7104521747727192
 0.7069282905230895
 0.9358073336239004
 0.3106259846178004
 0.48310973056736844
 0.41441949750968204
 0.5651331070648196
 0.30216521672074
 0.7881382222697783
 0.9732178900731813
 0.49166768830812895
 0.1914701275487757
 0.8350237775757087
 0.7364681027068143
 0.5358917570374403
 0.2529346192036451
 0.4510881825588122
 0.47591696413043743
 0.36375495645392463
 0.14138450405624902
 0.6240353141557589
 0.27677860957420363
 0.12712471844960221
 0.5807380823328802
 0.4155791505778111
 0.2548473326744732
 0.9040720728710627
 0.3945562129814906
 0.21006568917542034
 0.6514668232535324
 0.7495284097499812
 0.6443283564617526
 0.3959521061256305
 0.41116057141272394
 0.9990933698132137
 0.9621626644684759
 0.6133864842417588
 0.9982218204057878
 0.4792704987708808
 0.7786692258802568
 0.4481389855258812
 0.1246370534992949
 0.6006264143160666
 0.5840664381087134
 0.23330434497134006
 7.796461325043927E-3
 0.18117473669404854
 0.9512115773983353
 0.7998267479705748
 0.06953373470787595
 0.2812478974374235
 0.9156622152382798
 0.8959621594268652
 0.47701421229961066
 0.5458516622175702
 0.42355080913917664
 0.17632158257827235
 0.3731217948129036
 0.8789462697128515
 0.38634083670859264
 0.9047704931370775
 0.3088082345243581
 0.6228050815979043
 0.9119098183754409
 0.44119444118868306
 0.5325326939730594
 0.8288947568875249
 0.9777474139713438
 0.7226819552121131
 0.719754172544812
 0.8976612448215774
 0.8777440015588625
 0.31149992989911695
 0.4154821411778601
 0.3764400175662897
 0.795215215671442
 0.7398923449869698
 0.3651081768167707
 0.6998558142687454
 0.6268619766118294
 0.7602555440553721
 0.4429543393398423
 0.5447285440958703
 0.27590797900963026
 0.6375269229232924
 0.5672968316670957
 0.5390058847325881
 0.6243266893664035
 0.5697659689326613
 0.38049693777249016
 0.7330004122261894
 0.5299621067149389
 0.2998571730683824
 0.022269145409701873
 0.31147846174960874
 0.9769993765638209
 0.9767239204033854
 0.21053873701511821
 0.18460916736377827
 0.2928067730240555
 0.3755298905891971
 0.4684454433007378
 0.4102391832555827
 0.36702400868154305
 0.7699723269184923
 0.6230173690817399
 0.3212687938573159
 0.9392660117890994
 0.4890239202366322
 0.22305974705287245
 0.16907435849731522
 0.44214925930935394
 0.22636522433085615
 0.15866927390856172
 0.19480231893006824
 0.23865818727699028
 0.4519651998542087
 0.8149719317513388
 0.7445515731091388
 0.6866340494186776
 0.5615318687919211
 0.5076642902138011
 0.9322774546836866
 0.6634004409720193
 0.9706485480399096
 0.8627258990252044
 0.9759116316102036
 0.9526847898739785
 0.46997776262926765
 0.7001286998391751
 0.6472274179324634
 0.7490235945903805
 0.1579795692851672
 0.6166012216436684
 0.37538189318747355
 0.3099454298196106
 0.7492284028088807
 0.7225398587167915
 0.7870691702175275
 0.4896098409730988
 0.7480875497907808
 0.8386808037937993
 0.2922897878532717
 0.35361230864823445
 0.17221918644952538
 0.11029512570719008
 0.22544086986474715
 0.5045781082960675
 0.13489718196675984
 0.8319847103822906
 0.609792231912628
 0.8279136186129944
 0.7055489949907872
 0.8445683926551455
 0.8229240025966073
 0.48423782404709503
 0.462036416196281
 0.5468294793492321
 0.5868848297218257
 0.9507583148082523
 0.3561303115245563
 0.20647428594831113
 0.7140389594780464
 0.6367705550216003
 0.19177455934312873
 0.44066015572317895
 0.34722974735648803
 0.8646193319301211
 0.2621451678043908
 0.47126067600737364
 0.6101690115920124
 0.9190566572449433
 0.2367380432955632
 0.46845770714267043
 0.7528255855910602
 0.56804503000716
 0.8046896777603266
 0.5552549036011355
 0.34173629327758053
 0.9930907630795105
 0.6458690432579577
 0.6222027784316814
 0.4729766217865872
 0.4545807531823315
 0.39981556697740017
 0.8770195502680815
 0.4996961703056918
 0.5613897716912395
 0.4731400862676744
 0.6270783125083325
 0.9532553153360522
 0.5401401729975548
 0.4688616189495016
 0.9860836718166636
 0.6613039669400563
 0.6736620446544433
 0.5534417768257865
 0.8150990014966107
 0.364859471826283
 0.9884374356774788
 0.2950106379552793
 0.183557379470932
 0.48106642457706233
 0.6663596763584574
 0.18586011113871828
 0.8921558768451942
 0.2904477636285349
 0.9443928791882437
 0.8813082246022803
 0.2425787881680665
 0.8737182288308248
 0.7023012264176745
 0.964623046603344
 0.9007522895935703
 0.5970932773766543
 0.5033370370526505
 0.7985584632021179
 0.34923680981119964
 0.6858024528649648
 0.913838236599154
 0.963421797688781
 0.554640168023594
 0.9895713700864333
 0.12350416287011665
 0.5284054550940196
 0.6890557195474655
 0.7610226597455436
 0.841209704774064
 0.22350524911820193
 0.0671123315427044
 0.5911952801007754
 0.4580370371500203
 0.6134989534567569
 0.7907111580906019
 0.6222424589201075
 0.5111079716641027
 0.4306535731678146
 0.2555844163315299
 0.855940853644135
 0.6975655728939758
 0.9801857618522763
 0.34802807031573174
 0.14492789252890642
 0.6394298659821179
 0.9581352191782256
 0.5778127411277091
 0.590210444103093
 0.09044613185825105
 0.37241129519995824
 0.5635609418915405
 0.6429319090875482
 0.8191177211790898
 0.8844138022905281
 0.2765370452667293
 0.40717312624080703
 0.4183029502715463
 0.3334162553462276
 0.741503191292986
 0.672822919894393
 0.9645441405310039
 0.8923711589967699
 0.2653661093978985
 0.3356826035937678
 0.8136851987865218
 0.4359997618179767
 0.9608424885016134
 0.2209522368949616
 0.22544031116433466
 0.47258690398772584
 0.8808850081548494
 0.4330994719327891
 0.4676740826422694
 0.6646525498780664
 0.4767296288054111
 0.9256413263388172
 0.748371027525687
 0.94642811331266
 0.6081483833995409
 0.7429396557355946
 0.18188316471962426
 0.8905482101210153
 0.8000271307304629
 0.24011445992631577
 0.8526954131446289
 0.7163699226530127
 0.36993212689176774
 0.3671191160413991
 0.7757643950524576
 0.8490513181542286
 0.7617814916939387
 0.36061249508550974
 0.3845432476068582
 0.7721343103666484
 0.7764843410237153
 0.7377421099402675
 0.9569513981495756
 0.8713801098388527
 0.11765446710291062
 0.917314080948622
 0.8214013236208826
 0.8610543682989917
 0.40240722173005666
 0.4388329614600319
 0.12947652397187264
 0.290641206684821
 0.517888476521656
 0.5667019627367622
 0.3768879875433111
 0.9977329044592254
 0.9438931515644736
 0.17022585788286564
 0.43360164963342334
 0.9889304842748358
 0.826685459970816
 0.8023718637425323
 0.7312974551372685
 0.4687639271695
 0.9232489140346875
 0.6696843051676098
 0.7379664542330271
 0.38784552770100794
 0.8921042447407284
 0.16755447758713482
 0.20264002038288864
 0.8677059111500651
 0.466845737009703
 0.4961426633857853
 0.6973991184017617
 0.38481792993136593
 0.5054823974638631
 0.9612295835098391
 0.21136743766785018
 0.559309151004678
 0.3238031156937606
 0.765319302801657
 0.3768070958912407
 0.6032819408938671
 0.7651053092745621
 0.7986953405657297
 0.26541355837388597
 0.6695890126608259
 0.7398800586535971
 0.22399849445745284
 0.6670301723140435
 0.44147322896936613
 0.30518933171648043
 0.7511287186067219
 0.7555320179348495
 0.6163707213086871
 0.7220257426248984
 0.25827873393813094
 0.5044121361358149
 0.808905433820982
 0.7205363920985424
 0.2342700999389729
 0.5889312044200166
 0.6039672903269379
 0.6802128558420634
 0.687294399965226
 0.7210130076953268
 0.6401835048292689
 0.1995558565480428
 0.7596791115867342
 0.5452018316114331
 0.888487117080245
 0.8978783801653789
 0.9874373711121444
 0.5654153622525815
 0.6429365065614396
 0.42804932665454664
 0.7514666356385994
 0.3174092827911534
 0.35783200932565706
 0.21852707588976577
 0.9970928424490116
 0.2827636719135397
 0.4577103433467962
 0.9391066768854422
 0.5135771722130371
 0.059274060958658406
 0.24341667426909163
 0.43164974825067886
 0.8916698119564305
 0.052364115674218225
 0.5659271772326563
 0.2472541396260513
 0.39526423630084095
 0.6193643430803735
 0.22267801301678546
 0.9002534403466871
 0.38718673977404194
 0.5885433493594373
 0.09367722132880116
 0.8640626553744369
 0.5683641494570134
 0.20592806027546903
 0.4798201801161376
 0.31805640557690356
 0.7896533268921325
 0.45624673136335175
 0.6148610596148582
 0.9236348610481409
 0.5013729723642455
 0.8974440243083258
 0.9398808798007111
 0.406827849339148
 0.7304869475916435
 0.47884528491592276
 0.7969761817701981
 0.9091089197011242
 0.2828597012361791
 0.4255433616347347
 0.26218115727518737
 0.934897039940067
 0.5396536093389865
 0.34047557573787656
 0.8217036673434562
 0.7456296054393192
 0.4516402146088146
 0.8963617123180823
 0.874984942039002
 0.7241110045575123
 0.27181965800552615
 0.5176199660252873
 0.47335810697328206
 0.9817311127585037
 0.49774626889161116
 0.17773285819111994
 0.7426301347290309
 0.6782790729209218
 0.9953989114590913
 0.5340020543588335
 0.7798462296276569
 0.04522378856559459
 0.2944237832885344
 0.7653527882720126
 0.553747043550828
 0.18745932620366068
 0.4947362718147861
 0.2081300710365781
 0.23101816034457561
 0.7635033724193943
 0.6932558675265204
 0.929864028203238
 0.13501088001532982
 0.35407884482018603
 0.8175021192606086
 0.7951985843457277
 0.1508081474112385
 0.9942382042735063
 0.5502437744989265
 0.6560229843743253
 0.017459380308845764
 0.6342889894891015
 0.558955643539762
 0.8748992848093152
 0.6546872828876074
 0.5203543453106442
 0.37935899443894555
 0.3294718754615038
 0.24799380714446023
 0.7714176412538708
 0.14859064428535781
 0.7320402157176473
 0.3094614213376591
 0.863875291386561
 0.8306531634324479
 0.29378242725216885
 0.6073479656629954
 0.9636183603031646
 0.45007153588816134
 0.3077618008515618
 0.8283687459902693
 0.252483970696332
 0.730449239970394
 0.2851005224907308
 0.8545747387942743
 0.30172455879008613
 0.46742754721428614
 0.2851454449282707
 0.9409404922467379
 0.14846628562010194
 0.9843981218451626
 0.32215047940712
 0.25127041444707215
 0.6370927705602222
 0.7474482128151916
 0.8579905652245462
 0.6258796410289965
 0.6478598291742895
 0.5676739038283349
 0.6058567935162488
 0.8348458708426196
 0.8730334943966163
 0.3197163160050829
 0.9298280327254106
 0.47016122404959115
 0.9992548257574693
 0.3633678636343072
 0.2541011827318469
 0.46669741927957963
 0.8253287526431161
 0.7406559521987364
 0.7653704553681289
 0.2422916989970449
 0.1448798906267061
 0.25673753719624975
 0.8102133545140797
 0.1464844858024663
 0.646039811124112
 0.7576792341925571
 0.2564332743903776
 0.9806534076019436
 0.468570387302232
 0.7800014238711453
 0.42343048826951096
 0.47627050214273414
 0.6082439866421019
 0.5129499682751251
 0.82506801976127
 0.17553053324834005
 0.6817435133651566
 0.9170646024016034
 0.4273320810065288
 0.3449239138722997
 0.2483927530461888
 0.275896921230432
 0.5850996356388087
 0.5565105484130375
 0.3767813018415036
 0.8132482415126862
 0.9861723598494063
 0.801789484639554
 0.3916037709878774
 0.8588479473995267
 0.7301565945754558
 0.7701491412102008
 0.7684502279704672
 0.8732031841637584
 0.9817137468055421
 0.632409639718202
 0.628219114489955
 0.9226382691052918
 0.4708816631561525
 0.6525907727668951
 0.18843582095039823
 0.8875851991062914
 0.9715429839545595
 0.7179223398761462
 0.21421169765024056
 0.277377488593281
 0.8847567139122435
 0.2694599256242904
 0.5095554557673426
 0.8671567505538261
 0.4662490574951513
 0.42606989579557896
 0.3242587901299162
 0.3450142122549071
 0.21162155233864746
 0.5274460687895519
 0.6196631363684606
 0.7341850390351308
 0.9943705373883107
 0.6760159912407473
 0.5621617894909166
 0.9392755112793646
 0.36468851126948764
 0.4565130410979097
 0.9309502647402464
 0.5934841360866483
 0.2931344400128044
 0.46677586453350994
 0.7200952292047885
 0.6316306234019018
 0.9960737816505479
 0.5432887970671471
 0.48012012279598065
 0.4614431925404088
 0.39263542960054953
 0.4743868002083092
 0.6165985470714972
 0.40729580107484752
 0.32208038909457636
 0.47689713983652043
 0.3051777368435532
 0.5048417826205688
 0.35375144893943855
 0.3527791344340793
 0.4234105731935291
 0.24395937395466471
 0.8345625281960528
 0.8799602905195023
 0.7877080166189502
 0.8616336639791884
 0.5764052013756731
 0.7074475841631405
 0.4065412417084635
 0.11247984963119032
 0.4034423414168144
 0.0955152004936315
 0.8379575144210629
 0.6338361677405592
 0.3664767164580882
 0.17877310662473236
 0.9544336800716976
 0.41486837054363845
 0.585895996813614
 0.4158139869178709
 0.6153905605503314
 0.878702344269819
 0.6767146343256881
 0.21481799227875567
 0.08338699777768316
 0.9902035282879154
 0.3933855839042857
 0.9855575481828103
 0.8140828840965791
 0.6110182302123951
 0.699496312299509
 0.6586474820313264
 0.8394481086355857
 0.6866616974522647
 0.7842994041667782
 0.7826227662072621
 0.5869698202176811
 0.37113649732020503
 0.47499548079212916
 0.9560256888885176
 0.6847952268015571
 0.6738613584422791
 0.49453748836858996
 0.9166011749844073
 0.3196257895415769
 0.790827359115159
 0.8355985944325098
 0.41061324053938186
 0.49551735357172665
 0.9095501564021923
 0.1643660497220075
 0.6068030681027113
 0.6587200263322885
 0.7719445435199629
 0.9524126895016116
 0.3582671093560136
 0.17801592078898842
 0.5343060745086082
 0.4219913624329453
 0.17016074269551823
 0.6064891387738701
 0.5083385727407127
 0.14580872363681374
 0.8784363829430362
 0.44836672369780333
 0.7726336784999044
 0.28736224164597795
 0.8886521452519356
 0.32289191601932593
 0.5641290772073573
 0.10717277876435441
 0.5358862464483298
 0.5267707992469756
 0.5986451307771006
 0.9861272952920421
 0.6821280630222185
 0.2793115394093615
 0.7065992149089458
 0.27952932565451094
 0.3507725657665975
 0.06546129382469759
 0.23810819412493522
 0.770095031554855
 0.6800111255981082
 0.31263709487981966
 0.21276250333188215
 0.2552132060542765
 0.6497966345165838
 0.6738118525938186
 0.8446960070844256
 0.19999700943007925
 0.6001280737575742
 0.7950121574080607
 0.7367831255014907
 0.49585659736574483
 0.8910928135696301
 0.25826681910933324
 0.8037228594551437
 0.5117759851327984
 0.6182049137159273
 0.9195143231747273
 0.4574371582164602
 0.23870842584348661
 0.7440757127218303
 0.43593953546878855
 0.3482099932377272
 0.29415759620915993
 0.9576250529650715
 0.47090179094621065
 0.7622947013761358
 0.7872247623685861
 0.4524626315815666
 0.24223591673292016
 0.7889415767457993
 0.4830508322841725
 0.44444998863360385
 0.9468878234489299
 0.8703487733240933
 0.11249707402312063
 0.7060177984209817
 0.25666950533942756
 0.7142255876745216
 0.7626933216409261
 0.6873395360947304
 0.8265138134483777
 0.6745105898354719
 0.7258470640638132
 0.45083632443604815
 0.7970653929733976
 0.22937315345246966
 0.22875742969510948
 0.8588069448521389
 0.6571923543499749
 0.5148114840569028
 0.8768290093060719
 0.10742933499041449
 0.6801469415333803
 0.44801151777990683
 0.3565256018920454
 0.8343563214104418
 0.9369426200804035
 0.5765204104951213
 0.9178229793989204
 0.22586191558552051
 0.23220698690610322
 0.8245656857847075
 0.6872845383767436
 0.9888749293931176
 0.8398130405413977
 0.22794699553770347
 0.85857073662736
 0.749196716840005
 0.19895143965210354
 0.40082343271971826
 0.9205550630672624
 0.5175254426978182
 0.4607293193976998
 0.789878375870119
 0.9504515929382533
 0.6067829573092904
 0.14805821829850701
 0.527364127350675
 0.36609093973696743
 0.36093282986475755
 0.9525001387821974
 0.40266296356109115
 0.1917506789750189
 0.7656966032300592
 0.38734581288292346
 0.07789187407022888
 0.940871400684524
 0.23190036589833915
 0.9890601472412516
 0.6891301231408165
 0.4459940269803598
 0.4646095530430831
 0.7172249146351706
 0.3886074899642764
 0.47198161751589823
 0.9415611054010508
 0.490113751492516
 0.7195248478648834
 0.5893003316546328
 0.7390157048306498
 0.2616989990517959
 0.8797916283271238
 0.3027602791333388
 0.8588268854929259
 0.7971105481018828
 0.753381730920347
 0.8430377850975088
 0.3098480701492393
 0.3334680823299421
 0.9538201831066144
 0.5153930484388923
 0.690385451209911
 0.3496723033719101
 0.7700236706389225
 0.5324192850070164
 0.74183189088564
 0.9957098994849762
 0.6223642787068918
 0.5575516612536983
 0.605179010566873
 0.7727700022388109
 0.4475639657804575
 0.7402072516457211
 0.1859188767084474
 0.9011022064374304
 0.6266126029317326
 0.5122635943406557
 0.6627043814224679
 0.6036282404342796
 0.3382199391434994
 0.9092248262880485
 0.6281393157914928
 0.79370735110422
 0.40635155653876803
 0.09273596871306002
 0.16788384130591715
 0.21306847530094374
 0.9376912049193359
 0.42692426644588093
 0.605530751499129
 0.45624453786585716
 0.1238272184151352
 0.8574484844028245
 0.37355789526997035
 0.5303417171958569
