    8    8.13      2383.       4.24      40.6      28.7 0.1674    0.0044   26.27
    9    9.13      2122.       3.12      31.8      22.5 0.1858    0.0033   27.42
   10   10.13      1898.        2.4      25.4       18. 0.2008    0.0027   27.85
   11   11.13      1707.       2.38      26.5      18.7 0.2128    0.0028   28.33
   12   12.13      1540.        2.1      24.3      17.2 0.2181    0.0026   29.62
   13   13.13      1390.       2.33      28.1      19.9 0.2195    0.0032   30.59
   14   14.13      1272.       2.25      28.1      19.9 0.2296    0.0032   30.06
   15   15.13      1158.       1.44      18.4       13. 0.2276    0.0022   30.08
   16   16.13      1057.       1.79      23.9      16.9 0.2241    0.0029   30.23
   17   17.13       966.       1.57      21.7      15.3 0.2197    0.0029   29.74
   18   18.13       888.       1.24      17.5      12.4 0.2177    0.0024   29.37
   19   19.13       818.       1.21      17.6      12.5 0.2133    0.0025   29.55
   20   20.13       760.        1.1      16.3      11.6 0.2191    0.0023   29.54
   21   21.13       702.       1.16      17.7      12.5 0.2137    0.0027   28.91
   22   22.13       649.       1.06      16.6      11.7 0.2106    0.0027   28.82
   23   23.13       608.      0.921      14.7      10.4 0.2114    0.0025   28.51
   24   24.13       571.      0.949      15.1      10.7 0.2138    0.0027   28.88
   25   25.13       536.      0.874      14.1      9.96 0.2138    0.0027   29.07
   26   26.13       505.        1.1      18.5      13.1 0.2147    0.0035   26.97
   27   27.13       471.      0.916      15.8      11.1 0.2048    0.0030   27.22
   28   28.13       448.       0.82      14.1      9.98 0.2096    0.0026   27.57
   29   29.13       420.      0.833      14.3      10.1 0.2083    0.0028   28.77
   30   30.13       400.      0.786      13.7      9.66 0.2131    0.0029   28.15
   31   31.13       380.      0.846      14.9      10.5 0.2142    0.0032   29.17
   32   32.13       360.      0.955      16.9       12. 0.2122    0.0032   28.74
   33   33.13       343.      0.852      15.3      10.8 0.2122    0.0034   27.30
   34   34.13       328.      0.837      15.3      10.8 0.2168    0.0036   26.21
   35   35.13       318.      0.892      16.4      11.6 0.2276    0.0031   27.25
   36   36.13       300.      0.813      15.1      10.7 0.2210    0.0030   27.33
   37   37.13       289.       1.12      21.2       15. 0.2220    0.0044   26.31
   38   38.13       277.       1.02      19.5      13.8 0.2226    0.0035   26.17
   39   39.13       266.       1.06      20.4      14.4 0.2273    0.0037   26.65
   40   40.13       255.       1.46      28.5      20.2 0.2267    0.0046   27.16
   41   41.13       246.       1.96      38.8      27.4 0.2319    0.0053   26.78
   42   42.13       234.       1.96      39.1      27.7 0.2265    0.0047   27.59
   43   43.13       224.        1.3      26.2      18.5 0.2290    0.0046   27.59
   44   44.13       217.       1.45      29.9      21.1 0.2290    0.0055   27.59
   45   45.13       210.       1.46      30.4      21.5 0.2301    0.0062   27.60
   46   46.13       204.       1.36      28.5      20.1 0.2301    0.0054   24.81
   47   47.13       195.       1.52      32.4      22.9 0.2301    0.0060   25.80
   48   48.13       191.       1.22      26.2      18.5 0.2375    0.0054   26.19
   49   49.13       186.       1.07      23.3      16.5 0.2375    0.0049   26.70
   50   50.13       178.      0.911       20.      14.1 0.2299    0.0050   26.68
   51   51.13       172.      0.887      19.7      13.9 0.2299    0.0041   27.11
   52   52.13       166.      0.731      16.5      11.6 0.2341    0.0046   26.51
   53   53.13       164.      0.718      16.2      11.4 0.2481    0.0048   27.09
   54   54.13       158.      0.753      17.1      12.1 0.2499    0.0059   27.09
   55   55.13       153.      0.835      19.2      13.6 0.2471    0.0050   28.01
   56   56.13       149.      0.552      12.8      9.06 0.2471    0.0047   27.74
   57   57.13       145.       0.62      14.6      10.3 0.2436    0.0046   25.96
   58   58.13       142.      0.517      12.2      8.64 0.2488    0.0043   27.24
   59   59.13       140.      0.571      13.6      9.63 0.2578    0.0048   27.53
   60   60.13       132.      0.617      14.9      10.5 0.2474    0.0054   29.11
   61   61.13       131.      0.583      14.2       10. 0.2590    0.0053   28.53
   62   62.13       129.      0.545      13.3      9.42 0.2626    0.0051   26.68
   63   63.13       125.      0.557      13.7      9.72 0.2650    0.0055   28.63
   64   64.13       122.      0.529      13.2      9.33 0.2666    0.0056   28.63
   65   65.13       118.       0.48      12.2      8.59 0.2645    0.0053   28.85
   66   66.13       116.      0.469       12.      8.48 0.2689    0.0053   28.59
   67   67.13       113.      0.495      12.9      9.11 0.2727    0.0060   29.31
   68   68.13       110.      0.414      10.9      7.67 0.2660    0.0049   27.85
   69   69.13       107.      0.374       9.9        7. 0.2613    0.0042   28.10
   70   70.13       104.      0.389      10.5      7.39 0.2627    0.0052   29.05
   71   71.13       102.      0.383      10.4      7.36 0.2627    0.0046   29.05
   72   72.13       98.7        0.4       11.       7.8 0.2627    0.0053   28.96
   73   73.13       96.5      0.375      10.5       7.4 0.2618    0.0050   28.76
   74   74.13       95.6      0.367      10.2      7.23 0.2694    0.0048   28.16
   75   75.13       93.3      0.348      9.82      6.94 0.2728    0.0048   27.85
   76   76.13       90.9      0.355       10.       7.1 0.2760    0.0049   28.62
   77   77.13       90.2      0.375      10.7      7.55 0.2870    0.0055   28.61
   78   78.13       87.6      0.347      9.88      6.99 0.2824    0.0050   27.96
   79   79.13       85.5      0.357      10.2      7.23 0.2824    0.0053   28.55
   80   80.13       84.9      0.382      11.1      7.83 0.2923    0.0053   28.96
   81   81.13       82.2      0.328      9.54      6.74 0.2831    0.0053   28.85
   82   82.13       80.2      0.362      10.6      7.51 0.2831    0.0061   28.85
   83   83.13       78.9       0.33      9.74      6.89 0.2863    0.0055   29.81
   84   84.13        76.      0.359      10.7      7.56 0.2805    0.0063   29.54
   85   85.13       76.1      0.341      10.1      7.17 0.2920    0.0058   29.54
   86   86.13       74.8      0.305      9.11      6.44 0.2920    0.0051   28.24
   87   87.13       71.8      0.316      9.53      6.74 0.2794    0.0054   30.38
   88   88.13       70.6      0.314      9.47       6.7 0.2794    0.0053   29.08
   89   89.13       70.1      0.343      10.5       7.4 0.2871    0.0053   28.30
   90   90.13       69.5      0.365      11.1      7.88 0.2923    0.0052   27.68
   91   91.13       67.4      0.361      11.1      7.84 0.2876    0.0058   28.90
   92   92.13       66.1      0.357       11.      7.75 0.2901    0.0061   28.90
   93   93.13       65.2      0.387      11.8      8.34 0.2961    0.0070   28.60
   94   94.13       63.2      0.382      11.7      8.26 0.2920    0.0064   30.02
   95   95.13       62.9      0.361       11.      7.74 0.3025    0.0060   30.02
   96   96.13       60.7      0.366      11.2      7.95 0.2955    0.0063   28.58
   97   97.13       58.8       0.37      11.4      8.05 0.2955    0.0076   28.58
   98   98.13       57.3      0.361      11.2      7.91 0.2955    0.0072   31.33
   99   99.13       54.7      0.358      11.1      7.88 0.2844    0.0083   31.33
  100  100.13       56.1      0.376      11.9      8.39 0.3048    0.0078   30.79
  101  101.13       55.2      0.357      11.3      7.98 0.3048    0.0072   31.67
  102  102.13       53.8      0.329      10.5      7.44 0.3048    0.0069   31.14
  103  103.13       54.1       0.35      11.2      7.89 0.3196    0.0070   31.14
  104  104.13       51.2       0.32      10.3      7.31 0.3023    0.0064   31.21
  105  105.13       51.3      0.322      10.4      7.34 0.3129    0.0068   30.83
  106  106.13       49.6      0.278      9.04      6.39 0.3072    0.0054   30.83
  107  107.13       47.9      0.331      10.9       7.7 0.2973    0.0071   30.83
  108  108.13       46.8      0.299      9.82      6.94 0.2971    0.0068   30.28
  109  109.13       45.7      0.303      10.1      7.13 0.2971    0.0068   30.28
  110  110.13        45.      0.305      10.1      7.17 0.2971    0.0064   29.46
  111  111.13       44.4      0.338      11.3        8. 0.2971    0.0070   29.43
  112  112.13       43.5      0.315      10.6      7.47 0.2990    0.0059   29.43
  113  113.13       42.2      0.291      9.75      6.89 0.2990    0.0064   29.43
  114  114.13       40.3      0.313      10.6      7.48 0.2828    0.0070   30.44
  115  115.13       39.2      0.315      10.7      7.59 0.2828    0.0066   30.44
  116  116.13       38.6       0.32      10.9      7.73 0.2828    0.0072   29.13
  117  117.13       37.4      0.287      9.86      6.97 0.2828    0.0074   29.13
  118  118.13       38.3       0.29      9.96      7.04 0.2932    0.0054   31.04
  119  119.13       36.9       0.29       10.      7.09 0.2932    0.0067   31.00
  120  120.13       36.3      0.287      9.98      7.06 0.2932    0.0064   29.93
  121  121.13       35.7      0.288      10.1      7.16 0.2932    0.0065   27.54
  122  122.13       36.8      0.301      10.6      7.46 0.3077    0.0059   27.54
  123  123.13       35.5      0.282      9.96      7.04 0.3077    0.0062   27.54
  124  124.13       34.2      0.283      10.1      7.12 0.3077    0.0069   27.54
  125  125.13       33.2      0.282      10.1      7.16 0.3077    0.0063   28.37
  126  126.13       31.8      0.285      10.3      7.27 0.2995    0.0073   29.57
  127  127.13       31.4      0.265      9.59      6.78 0.2995    0.0067   29.57
  128  128.13       30.3      0.281      10.2      7.24 0.2995    0.0095   29.57
  129  129.13       29.7      0.245      8.91       6.3 0.2995    0.0070   29.57
  130  130.13       29.9      0.255      9.31      6.59 0.3046    0.0067   29.57
  131  131.13        29.      0.256      9.39      6.64 0.3046    0.0067   30.52
  132  132.13       28.1      0.258      9.49      6.71 0.3046    0.0082   30.52
  133  133.13       26.8      0.269      9.98      7.06 0.2936    0.0088   30.52
  134  134.13       26.6      0.252      9.43      6.67 0.2893    0.0079   29.56
  135  135.13       27.8      0.248      9.19       6.5 0.3142    0.0071   29.56
  136  136.13       24.4      0.261      9.81      6.94 0.2817    0.0107   29.56
  137  137.13       25.3      0.266       10.      7.07 0.3026    0.0081   29.56
  138  138.13        23.      0.259      9.82      6.94 0.2798    0.0105   29.09
  139  139.13       23.2      0.247       9.4      6.65 0.2798    0.0105   30.51
  140  140.13       23.1      0.239      9.06      6.41 0.2909    0.0096   31.47
  141  141.13       22.8       0.24      9.13      6.46 0.2909    0.0097   29.75
  142  142.13       21.9      0.253      9.64      6.82 0.2909    0.0099   29.75
  143  143.13        22.      0.257      9.84      6.95 0.2909    0.0096   31.38
  144  144.13       21.6      0.245      9.38      6.63 0.2909    0.0089   30.07
  145  145.13       21.1       0.25      9.63      6.81 0.2909    0.0090   30.07
  146  146.13        21.      0.238      9.14      6.47 0.2909    0.0082   30.07
  147  147.13       20.4      0.244      9.43      6.67 0.2909    0.0099   30.07
  148  148.13       19.9      0.252      9.78      6.91 0.2909    0.0109   27.96
  149  149.13       19.1       0.24      9.43      6.67 0.2827    0.0106   27.96
  150  150.13       19.6      0.243      9.54      6.75 0.2913    0.0100   27.96
  151  151.13       19.1      0.247      9.75      6.89 0.2962    0.0121   29.86
  152  152.13       18.8      0.241      9.54      6.74 0.2962    0.0076   29.86
  153  153.13       18.4      0.244       9.7      6.86 0.2962    0.0089   28.59
  154  154.13       18.1      0.253      10.1      7.11 0.3053    0.0093   28.59
  155  155.13       17.2       0.23      9.25      6.54 0.2871    0.0096   30.19
  156  156.13       16.3      0.235       9.5      6.72 0.2871    0.0148   27.87
  157  157.13       16.8      0.241       9.7      6.86 0.2971    0.0101   28.81
  158  158.13       16.1      0.215      8.67      6.13 0.2884    0.0115   28.45
  159  159.13       15.3      0.223      9.07      6.41 0.2884    0.0123   28.45
  160  160.13       15.7       0.23      9.35      6.61 0.3004    0.0133   28.70
  161  161.13       15.4      0.222      9.06      6.41 0.3004    0.0115   28.70
  162  162.13       14.8      0.233      9.58      6.78 0.2889    0.0135   27.37
  163  163.13       14.8      0.234      9.64      6.82 0.2961    0.0107   27.37
  164  164.13        15.      0.227      9.33       6.6 0.3087    0.0110   26.67
  165  165.13        15.      0.234      9.65      6.82 0.3100    0.0086   27.84
  166  166.13       14.5      0.239      9.82      6.95 0.3095    0.0101   27.75
  167  167.13       14.6      0.231       9.5      6.72 0.3171    0.0104   27.75
  168  168.13       14.1      0.251      10.4      7.35 0.3186    0.0122   27.75
  169  169.13       14.6      0.227      9.36      6.62 0.3186    0.0095   26.63 