1.24	2.6573197832820894e-11
1.240071	2.6573e-11
1.240394	2.67894e-11
1.240717	2.68302e-11
1.24104	2.6837e-11
1.241363	2.67666e-11
1.241686	2.67724e-11
1.242009	2.66303e-11
1.242332	2.65306e-11
1.242655	2.64984e-11
1.242978	2.65317e-11
1.243301	2.64784e-11
1.243624	2.61393e-11
1.243947	2.62285e-11
1.24427	2.64752e-11
1.244593	2.65379e-11
1.244916	2.65501e-11
1.245239	2.64816e-11
1.245562	2.65687e-11
1.245885	2.65272e-11
1.246208	2.63948e-11
1.246531	2.6439e-11
1.246854	2.65167e-11
1.247177	2.65136e-11
1.2475	2.65077e-11
1.247823	2.63622e-11
1.248146	2.63428e-11
1.248469	2.63125e-11
1.248791	2.63351e-11
1.249114	2.63052e-11
1.249437	2.63264e-11
1.24976	2.63536e-11
1.250083	2.6353e-11
1.250406	2.61986e-11
1.250729	2.61872e-11
1.251052	2.62871e-11
1.251375	2.61813e-11
1.251698	2.61578e-11
1.25202	2.6109e-11
1.252343	2.59375e-11
1.252666	2.58981e-11
1.252989	2.59624e-11
1.253312	2.60348e-11
1.253635	2.59898e-11
1.253958	2.6016e-11
1.25428	2.60875e-11
1.254603	2.60335e-11
1.254926	2.59389e-11
1.255249	2.56587e-11
1.255572	2.57471e-11
1.255895	2.59427e-11
1.256217	2.56605e-11
1.25654	2.5319e-11
1.256863	2.54902e-11
1.257186	2.54585e-11
1.257509	2.55793e-11
1.257832	2.57067e-11
1.258154	2.56625e-11
1.258477	2.52499e-11
1.2588	2.51695e-11
1.259123	2.54965e-11
1.259445	2.5462e-11
1.259768	2.56329e-11
1.260091	2.56122e-11
1.260414	2.52018e-11
1.260736	2.53837e-11
1.261059	2.55531e-11
1.261382	2.53501e-11
1.261705	2.48335e-11
1.262028	2.49699e-11
1.26235	2.54769e-11
1.262673	2.54646e-11
1.262996	2.52156e-11
1.263319	2.52599e-11
1.263641	2.53073e-11
1.263964	2.51781e-11
1.264287	2.52691e-11
1.264609	2.52269e-11
1.264932	2.52508e-11
1.265255	2.51249e-11
1.265578	2.52204e-11
1.2659	2.5302e-11
1.266223	2.52111e-11
1.266546	2.52289e-11
1.266868	2.52832e-11
1.267191	2.51231e-11
1.267514	2.52004e-11
1.267836	2.50024e-11
1.268159	2.45294e-11
1.268482	2.4565e-11
1.268805	2.49894e-11
1.269127	2.49636e-11
1.26945	2.49999e-11
1.269772	2.50572e-11
1.270095	2.50581e-11
1.270418	2.50468e-11
1.27074	2.50717e-11
1.271063	2.49892e-11
1.271386	2.49596e-11
1.271708	2.49367e-11
1.272031	2.48833e-11
1.272354	2.48132e-11
1.272676	2.48601e-11
1.272999	2.48146e-11
1.273322	2.47398e-11
1.273644	2.47299e-11
1.273967	2.46516e-11
1.274289	2.45358e-11
1.274612	2.46205e-11
1.274935	2.459e-11
1.275257	2.45517e-11
1.27558	2.44863e-11
1.275902	2.45513e-11
1.276225	2.43876e-11
1.276547	2.42639e-11
1.27687	2.42285e-11
1.277193	2.42308e-11
1.277515	2.41026e-11
1.277838	2.40876e-11
1.27816	2.40391e-11
1.278483	2.39427e-11
1.278805	2.3776e-11
1.279128	2.35873e-11
1.279451	2.35062e-11
1.279773	2.33557e-11
1.280096	2.31708e-11
1.280418	2.29656e-11
1.280741	2.27248e-11
1.281063	2.22013e-11
1.281386	2.15659e-11
1.281708	1.98974e-11
1.282031	1.76062e-11
1.282354	1.74889e-11
1.282676	2.01159e-11
1.282998	2.1398e-11
1.283321	2.2057e-11
1.283643	2.25703e-11
1.283966	2.28603e-11
1.284289	2.3084e-11
1.284611	2.32148e-11
1.284933	2.32807e-11
1.285256	2.34452e-11
1.285578	2.3475e-11
1.285901	2.34976e-11
1.286224	2.35303e-11
1.286546	2.36677e-11
1.286869	2.36847e-11
1.287191	2.37085e-11
1.287513	2.37273e-11
1.287836	2.3844e-11
1.288158	2.3894e-11
1.288481	2.38158e-11
1.288803	2.39163e-11
1.289126	2.38881e-11
1.289448	2.38692e-11
1.289771	2.38088e-11
1.290093	2.35249e-11
1.290416	2.34367e-11
1.290738	2.37165e-11
1.291061	2.3765e-11
1.291383	2.37883e-11
1.291705	2.37679e-11
1.292028	2.38164e-11
1.29235	2.38258e-11
1.292673	2.37843e-11
1.292995	2.37597e-11
1.293318	2.37145e-11
1.29364	2.3698e-11
1.293962	2.36102e-11
1.294285	2.36472e-11
1.294607	2.36407e-11
1.29493	2.36699e-11
1.295252	2.36663e-11
1.295574	2.36695e-11
1.295897	2.35783e-11
1.296219	2.35753e-11
1.296542	2.35734e-11
1.296864	2.35668e-11
1.297186	2.35153e-11
1.297509	2.34573e-11
1.297831	2.33931e-11
1.298153	2.33537e-11
1.298476	2.35143e-11
1.298798	2.34906e-11
1.299121	2.3465e-11
1.299443	2.34746e-11
1.299765	2.34495e-11
1.300088	2.34252e-11
1.30041	2.33588e-11
1.300732	2.33627e-11
1.301055	2.33733e-11
1.301377	2.33187e-11
1.3017	2.32884e-11
1.302022	2.32459e-11
1.302344	2.32861e-11
1.302667	2.32807e-11
1.302989	2.31388e-11
1.303311	2.28198e-11
1.303634	2.27575e-11
1.303956	2.30455e-11
1.304278	2.31625e-11
1.304601	2.31125e-11
1.304923	2.31336e-11
1.305245	2.30415e-11
1.305568	2.30638e-11
1.30589	2.30874e-11
1.306212	2.30415e-11
1.306535	2.30978e-11
1.306857	2.30195e-11
1.307179	2.29701e-11
1.307501	2.30084e-11
1.307824	2.29792e-11
1.308146	2.29909e-11
1.308468	2.29368e-11
1.308791	2.28851e-11
1.309113	2.29057e-11
1.309435	2.29024e-11
1.309758	2.29376e-11
1.31008	2.27736e-11
1.310402	2.24848e-11
1.310724	2.24801e-11
1.311047	2.2699e-11
1.311369	2.2728e-11
1.311691	2.28229e-11
1.312014	2.27229e-11
1.312336	2.24516e-11
1.312658	2.19412e-11
1.31298	2.22282e-11
1.313303	2.25663e-11
1.313625	2.26496e-11
1.313947	2.25601e-11
1.314269	2.2574e-11
1.314592	2.26002e-11
1.314914	2.24809e-11
1.315236	2.19446e-11
1.315559	2.18857e-11
1.315881	2.22627e-11
1.316203	2.25443e-11
1.316525	2.24987e-11
1.316847	2.24654e-11
1.31717	2.25072e-11
1.317492	2.24253e-11
1.317814	2.19706e-11
1.318136	2.18211e-11
1.318459	2.22173e-11
1.318781	2.24461e-11
1.319103	2.23735e-11
1.319425	2.24479e-11
1.319748	2.23047e-11
1.32007	2.23515e-11
1.320392	2.23299e-11
1.320714	2.23076e-11
1.321036	2.22921e-11
1.321359	2.23422e-11
1.321681	2.22763e-11
1.322003	2.22691e-11
1.322325	2.22608e-11
1.322647	2.22217e-11
1.32297	2.22443e-11
1.323292	2.22451e-11
1.323614	2.21513e-11
1.323936	2.21639e-11
1.324259	2.2146e-11
1.324581	2.20931e-11
1.324903	2.21422e-11
1.325225	2.20878e-11
1.325547	2.20549e-11
1.32587	2.20538e-11
1.326192	2.19754e-11
1.326514	2.19375e-11
1.326836	2.19957e-11
1.327158	2.19978e-11
1.32748	2.19679e-11
1.327803	2.19621e-11
1.328125	2.1881e-11
1.328447	2.18796e-11
1.328769	2.16816e-11
1.329091	2.14465e-11
1.329414	2.15767e-11
1.329736	2.1641e-11
1.330058	2.18325e-11
1.33038	2.17467e-11
1.330702	2.17746e-11
1.331025	2.16325e-11
1.331347	2.16652e-11
1.331669	2.16985e-11
1.331991	2.16273e-11
1.332313	2.14825e-11
1.332635	2.14006e-11
1.332958	2.12898e-11
1.33328	2.14351e-11
1.333602	2.17125e-11
1.333924	2.16924e-11
1.334246	2.16779e-11
1.334568	2.16433e-11
1.33489	2.1709e-11
1.335213	2.14611e-11
1.335535	2.13312e-11
1.335857	2.15419e-11
1.336179	2.15874e-11
1.336501	2.15441e-11
1.336823	2.15604e-11
1.337145	2.15674e-11
1.337468	2.14829e-11
1.33779	2.14352e-11
1.338112	2.14922e-11
1.338434	2.13109e-11
1.338756	2.14156e-11
1.339078	2.12331e-11
1.3394	2.10532e-11
1.339723	2.10065e-11
1.340044	2.12547e-11
1.340367	2.14331e-11
1.340689	2.13027e-11
1.341011	2.12611e-11
1.341333	2.13097e-11
1.341655	2.13233e-11
1.341977	2.11927e-11
1.342299	2.12537e-11
1.342622	2.12567e-11
1.342944	2.12179e-11
1.343266	2.10187e-11
1.343588	2.07892e-11
1.34391	2.11801e-11
1.344232	2.11461e-11
1.344554	2.12515e-11
1.344876	2.1128e-11
1.345199	2.09534e-11
1.345521	2.12141e-11
1.345843	2.10671e-11
1.346165	2.08651e-11
1.346487	2.11211e-11
1.346809	2.09725e-11
1.347131	2.09399e-11
1.347453	2.09253e-11
1.347775	2.15896e-11
1.348097	2.08516e-11
1.34842	2.11218e-11
1.348742	2.08554e-11
1.349064	2.08803e-11
1.349386	2.08746e-11
1.349708	2.08222e-11
1.35003	2.08587e-11
1.350352	2.09289e-11
1.350674	2.04768e-11
1.350996	2.06704e-11
1.351318	2.09017e-11
1.35164	2.1171e-11
1.351963	2.08874e-11
1.352285	2.06689e-11
1.352607	2.09103e-11
1.352929	2.0676e-11
1.353251	2.11274e-11
1.353573	2.06843e-11
1.353895	2.05201e-11
1.354217	2.12533e-11
1.354539	2.0991e-11
1.354861	2.13376e-11
1.355184	2.07374e-11
1.355506	2.11763e-11
1.355828	2.0728e-11
1.35615	2.02796e-11
1.356472	2.00828e-11
1.356794	2.01601e-11
1.357116	2.12658e-11
1.357438	2.04636e-11
1.35776	2.11144e-11
1.358082	2.02352e-11
1.358404	2.0866e-11
1.358726	2.04651e-11
1.359048	2.01735e-11
1.359371	2.11644e-11
1.359693	2.12712e-11
1.360015	2.01624e-11
1.360337	2.04802e-11
1.360659	2.11936e-11
1.360981	2.07587e-11
1.361303	2.03238e-11
1.361625	2.12319e-11
1.361947	2.15382e-11
1.362269	2.10055e-11
1.362591	2.09072e-11
1.362913	2.04002e-11
1.363235	1.9682e-11
1.363558	2.00905e-11
1.36388	1.99241e-11
1.364202	2.05198e-11
1.364524	2.11156e-11
1.364846	2.04564e-11
1.365168	1.97975e-11
1.36549	2.02685e-11
1.365812	2.07395e-11
1.366134	2.01533e-11
1.366456	2.00856e-11
1.366778	2.05475e-11
1.3671	1.96519e-11
1.367422	1.97979e-11
1.367744	1.99848e-11
1.368067	2.01717e-11
1.368389	2.03059e-11
1.368711	2.05305e-11
1.369033	1.994e-11
1.369355	1.99846e-11
1.369677	1.95358e-11
1.369999	2.02742e-11
1.370321	1.92793e-11
1.370643	1.97201e-11
1.370965	1.96578e-11
1.371287	1.95955e-11
1.371609	1.92353e-11
1.371931	1.99527e-11
1.372253	1.96771e-11
1.372576	1.94016e-11
1.372898	1.99286e-11
1.37322	2.00638e-11
1.373542	1.99556e-11
1.373864	1.9832e-11
1.374186	1.97978e-11
1.374508	1.95277e-11
1.37483	1.98734e-11
1.375152	1.97859e-11
1.375474	1.94383e-11
1.375796	2.01469e-11
1.376118	1.98766e-11
1.37644	1.94318e-11
1.376762	1.96878e-11
1.377084	2.05172e-11
1.377406	1.95637e-11
1.377728	1.92833e-11
1.378051	1.93832e-11
1.378373	1.94739e-11
1.378695	1.98453e-11
1.379017	2.02167e-11
1.379339	1.94737e-11
1.379661	1.93258e-11
1.379983	1.97122e-11
1.380305	2.01471e-11
1.380627	2.0694e-11
1.380949	2.05143e-11
1.381271	1.97538e-11
1.381593	1.91376e-11
1.381915	2.02667e-11
1.382237	1.94177e-11
1.38256	1.97247e-11
1.382882	2.00318e-11
1.383204	1.8992e-11
1.383526	1.91105e-11
1.383848	1.98449e-11
1.38417	1.90935e-11
1.384492	1.94133e-11
1.384814	1.97545e-11
1.385136	2.0172e-11
1.385458	1.90494e-11
1.38578	1.96042e-11
1.386102	1.90375e-11
1.386424	1.96575e-11
1.386747	1.89752e-11
1.387069	1.92269e-11
1.387391	1.90148e-11
1.387713	1.93663e-11
1.388035	1.97179e-11
1.388357	1.96396e-11
1.388679	1.87528e-11
1.389001	1.92607e-11
1.389323	1.90069e-11
1.389645	1.90483e-11
1.389967	1.92508e-11
1.390289	1.84679e-11
1.390612	1.91017e-11
1.390934	1.90892e-11
1.391256	1.86866e-11
1.391578	1.91808e-11
1.3919	1.91551e-11
1.392222	1.93305e-11
1.392544	1.95059e-11
1.392866	1.89663e-11
1.393188	1.8763e-11
1.39351	1.88203e-11
1.393832	1.90744e-11
1.394154	1.86948e-11
1.394476	1.86461e-11
1.394799	1.89533e-11
1.395121	1.92604e-11
1.395443	1.95743e-11
1.395765	1.89177e-11
1.396087	1.84005e-11
1.396409	1.8846e-11
1.396731	1.92915e-11
1.397053	1.8665e-11
1.397375	1.88406e-11
1.397697	1.855e-11
1.397758	1.88132e-11
1.398165	1.87067e-11
1.398572	1.86776e-11
1.398978	1.88893e-11
1.399385	1.9138e-11
1.399791	1.88082e-11
1.400198	1.91457e-11
1.400605	1.86381e-11
1.401011	1.84207e-11
1.401418	1.8394e-11
1.401825	1.86843e-11
1.402231	1.86369e-11
1.402638	1.86764e-11
1.403044	1.85162e-11
1.403451	1.8508e-11
1.403857	1.88375e-11
1.404264	1.8731e-11
1.40467	1.88071e-11
1.405077	1.81679e-11
1.405483	1.87197e-11
1.40589	1.85451e-11
1.406296	1.84992e-11
1.406703	1.91622e-11
1.407109	1.81803e-11
1.407516	1.82568e-11
1.407922	1.81531e-11
1.408328	1.82441e-11
1.408735	1.82982e-11
1.409141	1.87607e-11
1.409548	1.81048e-11
1.409954	1.84234e-11
1.41036	1.82082e-11
1.410767	1.81383e-11
1.411173	1.81437e-11
1.411579	1.79475e-11
1.411986	1.80674e-11
1.412392	1.77809e-11
1.412798	1.7943e-11
1.413205	1.79933e-11
1.413611	1.80924e-11
1.414017	1.82648e-11
1.414423	1.80142e-11
1.41483	1.80688e-11
1.415236	1.79802e-11
1.415642	1.7868e-11
1.416048	1.7917e-11
1.416455	1.79099e-11
1.416861	1.7929e-11
1.417267	1.79129e-11
1.417673	1.79413e-11
1.418079	1.79175e-11
1.418486	1.80094e-11
1.418892	1.82387e-11
1.419298	1.77323e-11
1.419704	1.7903e-11
1.42011	1.79002e-11
1.420516	1.77252e-11
1.420922	1.75068e-11
1.421328	1.77132e-11
1.421734	1.77111e-11
1.42214	1.76972e-11
1.422547	1.7484e-11
1.422953	1.73534e-11
1.423359	1.76931e-11
1.423764	1.75031e-11
1.42417	1.73059e-11
1.424577	1.76556e-11
1.424983	1.76483e-11
1.425389	1.76324e-11
1.425795	1.74069e-11
1.4262	1.74148e-11
1.426606	1.75276e-11
1.427012	1.75924e-11
1.427418	1.7492e-11
1.427824	1.74794e-11
1.42823	1.7489e-11
1.428636	1.73159e-11
1.429042	1.72647e-11
1.429448	1.72237e-11
1.429854	1.70919e-11
1.43026	1.72749e-11
1.430665	1.74223e-11
1.431071	1.74277e-11
1.431477	1.72312e-11
1.431883	1.73848e-11
1.432289	1.73276e-11
1.432694	1.72211e-11
1.4331	1.73552e-11
1.433506	1.71766e-11
1.433912	1.72423e-11
1.434318	1.72711e-11
1.434723	1.71587e-11
1.435129	1.72513e-11
1.435535	1.71434e-11
1.435941	1.72265e-11
1.436346	1.70666e-11
1.436752	1.71923e-11
1.437158	1.7319e-11
1.437563	1.71986e-11
1.437969	1.69991e-11
1.438375	1.71452e-11
1.43878	1.71012e-11
1.439186	1.71148e-11
1.439592	1.6961e-11
1.439997	1.67232e-11
1.440403	1.60687e-11
1.440809	1.61848e-11
1.441214	1.67613e-11
1.44162	1.68284e-11
1.442025	1.6705e-11
1.442431	1.62374e-11
1.442837	1.63462e-11
1.443242	1.62858e-11
1.443648	1.66166e-11
1.444053	1.67453e-11
1.444459	1.64322e-11
1.444864	1.65365e-11
1.44527	1.69734e-11
1.445675	1.68085e-11
1.446081	1.68421e-11
1.446486	1.68266e-11
1.446892	1.67264e-11
1.447297	1.6612e-11
1.447703	1.66e-11
1.448108	1.66617e-11
1.448513	1.6578e-11
1.448919	1.66287e-11
1.449324	1.66623e-11
1.44973	1.66896e-11
1.450135	1.66889e-11
1.45054	1.655e-11
1.450946	1.64444e-11
1.451351	1.64072e-11
1.451757	1.62563e-11
1.452162	1.64346e-11
1.452567	1.64022e-11
1.452973	1.6459e-11
1.453378	1.64301e-11
1.453783	1.65003e-11
1.454189	1.62824e-11
1.454594	1.55837e-11
1.454999	1.57118e-11
1.455405	1.62016e-11
1.45581	1.60577e-11
1.456215	1.61674e-11
1.45662	1.62834e-11
1.457026	1.61646e-11
1.457431	1.6204e-11
1.457836	1.63411e-11
1.458241	1.63605e-11
1.458646	1.63336e-11
1.459052	1.62788e-11
1.459457	1.62075e-11
1.459862	1.61805e-11
1.460267	1.63246e-11
1.460672	1.62434e-11
1.461078	1.62744e-11
1.461483	1.61767e-11
1.461888	1.61385e-11
1.462293	1.61342e-11
1.462698	1.61846e-11
1.463103	1.61464e-11
1.463508	1.60183e-11
1.463913	1.59291e-11
1.464318	1.5845e-11
1.464724	1.60058e-11
1.465129	1.60051e-11
1.465534	1.55831e-11
1.465939	1.58157e-11
1.466344	1.60182e-11
1.466749	1.61022e-11
1.467154	1.61479e-11
1.467559	1.59891e-11
1.467964	1.59346e-11
1.468369	1.59652e-11
1.468774	1.59884e-11
1.469179	1.60065e-11
1.469584	1.59855e-11
1.469989	1.59628e-11
1.470394	1.58969e-11
1.470799	1.57524e-11
1.471204	1.57975e-11
1.471609	1.58484e-11
1.472014	1.57904e-11
1.472418	1.5806e-11
1.472823	1.57754e-11
1.473228	1.58855e-11
1.473633	1.58327e-11
1.474038	1.57211e-11
1.474443	1.57239e-11
1.474848	1.57606e-11
1.475253	1.55993e-11
1.475657	1.55219e-11
1.476062	1.56725e-11
1.476467	1.5776e-11
1.476872	1.57062e-11
1.477277	1.56357e-11
1.477682	1.56271e-11
1.478086	1.5554e-11
1.478491	1.53316e-11
1.478896	1.5387e-11
1.479301	1.55902e-11
1.479706	1.564e-11
1.48011	1.56585e-11
1.480515	1.56031e-11
1.48092	1.55224e-11
1.481325	1.54641e-11
1.481729	1.5546e-11
1.482134	1.55119e-11
1.482539	1.54548e-11
1.482944	1.52761e-11
1.483348	1.52533e-11
1.483753	1.53376e-11
1.484157	1.53971e-11
1.484562	1.54333e-11
1.484967	1.53755e-11
1.485372	1.53476e-11
1.485776	1.53212e-11
1.486181	1.53591e-11
1.486585	1.53181e-11
1.48699	1.52714e-11
1.487395	1.50958e-11
1.487799	1.44836e-11
1.488204	1.39866e-11
1.488608	1.4635e-11
1.489013	1.51269e-11
1.489418	1.52321e-11
1.489822	1.52262e-11
1.490227	1.52024e-11
1.490631	1.52008e-11
1.491036	1.51598e-11
1.491441	1.5232e-11
1.491845	1.52229e-11
1.492249	1.52415e-11
1.492654	1.52394e-11
1.493059	1.52238e-11
1.493463	1.52167e-11
1.493868	1.51757e-11
1.494272	1.50827e-11
1.494676	1.50543e-11
1.495081	1.51242e-11
1.495485	1.50831e-11
1.49589	1.49337e-11
1.496294	1.49183e-11
1.496699	1.50486e-11
1.497103	1.50356e-11
1.497508	1.5009e-11
1.497912	1.50407e-11
1.498317	1.5042e-11
1.498721	1.49784e-11
1.499125	1.49225e-11
1.49953	1.49335e-11
1.499934	1.50114e-11
1.500339	1.50121e-11
1.500743	1.49862e-11
1.501147	1.49667e-11
1.501552	1.49082e-11
1.501956	1.48135e-11
1.50236	1.46211e-11
1.502765	1.40269e-11
1.503169	1.40755e-11
1.503573	1.46167e-11
1.503978	1.456e-11
1.504382	1.40289e-11
1.504786	1.40497e-11
1.50519	1.40795e-11
1.505595	1.42767e-11
1.505999	1.46668e-11
1.506403	1.48142e-11
1.506808	1.48178e-11
1.507212	1.47979e-11
1.507616	1.47618e-11
1.50802	1.47362e-11
1.508425	1.47201e-11
1.508829	1.47662e-11
1.509233	1.46982e-11
1.509637	1.45545e-11
1.510041	1.4472e-11
1.510446	1.46056e-11
1.51085	1.46767e-11
1.511254	1.46615e-11
1.511658	1.46608e-11
1.512062	1.46282e-11
1.512466	1.45189e-11
1.512871	1.45481e-11
1.513275	1.46117e-11
1.513679	1.45553e-11
1.514083	1.4474e-11
1.514487	1.44977e-11
1.514891	1.44814e-11
1.515295	1.45185e-11
1.5157	1.4569e-11
1.516104	1.44288e-11
1.516508	1.43402e-11
1.516912	1.43744e-11
1.517316	1.44479e-11
1.51772	1.44675e-11
1.518124	1.43716e-11
1.518528	1.4398e-11
1.518932	1.44324e-11
1.519336	1.44368e-11
1.51974	1.44073e-11
1.520144	1.43605e-11
1.520548	1.43084e-11
1.520952	1.41879e-11
1.521356	1.4153e-11
1.52176	1.42422e-11
1.522164	1.41113e-11
1.522568	1.41201e-11
1.522972	1.42214e-11
1.523376	1.42504e-11
1.52378	1.42284e-11
1.524184	1.42169e-11
1.524588	1.41084e-11
1.524992	1.4042e-11
1.525396	1.41646e-11
1.5258	1.42424e-11
1.526204	1.41597e-11
1.526608	1.41345e-11
1.527012	1.41409e-11
1.527416	1.41915e-11
1.52782	1.42289e-11
1.528224	1.4175e-11
1.528628	1.41712e-11
1.529031	1.41425e-11
1.529435	1.39247e-11
1.529839	1.36692e-11
1.530243	1.38399e-11
1.530647	1.40399e-11
1.531051	1.40673e-11
1.531455	1.40769e-11
1.531858	1.40776e-11
1.532262	1.40232e-11
1.532666	1.40036e-11
1.53307	1.39889e-11
1.533474	1.3918e-11
1.533878	1.38042e-11
1.534281	1.37507e-11
1.534685	1.38074e-11
1.535089	1.38113e-11
1.535493	1.3858e-11
1.535897	1.38829e-11
1.5363	1.38835e-11
1.536704	1.3892e-11
1.537108	1.39119e-11
1.537512	1.38863e-11
1.537915	1.37301e-11
1.538319	1.36659e-11
1.538723	1.38064e-11
1.539127	1.38009e-11
1.53953	1.37692e-11
1.539934	1.3559e-11
1.540338	1.34755e-11
1.540742	1.34657e-11
1.541145	1.36449e-11
1.541549	1.37331e-11
1.541953	1.37301e-11
1.542356	1.36127e-11
1.54276	1.34698e-11
1.543164	1.35541e-11
1.543567	1.36036e-11
1.543971	1.35356e-11
1.544375	1.35377e-11
1.544778	1.35576e-11
1.545182	1.35664e-11
1.545586	1.35522e-11
1.545989	1.3556e-11
1.546393	1.35776e-11
1.546797	1.35743e-11
1.5472	1.35127e-11
1.547604	1.34041e-11
1.548007	1.33325e-11
1.548411	1.3358e-11
1.548815	1.35341e-11
1.549218	1.35665e-11
1.549622	1.35344e-11
1.550025	1.34382e-11
1.550429	1.33444e-11
1.550833	1.34329e-11
1.551236	1.3462e-11
1.55164	1.34842e-11
1.552043	1.34495e-11
1.552447	1.34041e-11
1.55285	1.34192e-11
1.553254	1.33447e-11
1.553657	1.32023e-11
1.554061	1.31586e-11
1.554464	1.31023e-11
1.554868	1.31233e-11
1.555272	1.30407e-11
1.555675	1.28368e-11
1.556079	1.26988e-11
1.556482	1.27957e-11
1.556885	1.29455e-11
1.557289	1.3076e-11
1.557692	1.31628e-11
1.558096	1.32435e-11
1.558499	1.32337e-11
1.558903	1.31709e-11
1.559306	1.29668e-11
1.55971	1.29267e-11
1.560113	1.31604e-11
1.560517	1.31442e-11
1.56092	1.30443e-11
1.561324	1.30788e-11
1.561727	1.30642e-11
1.56213	1.30473e-11
1.562534	1.29507e-11
1.562937	1.30635e-11
1.563341	1.30578e-11
1.563744	1.29387e-11
1.564147	1.31068e-11
1.564551	1.31397e-11
1.564954	1.30557e-11
1.565357	1.30379e-11
1.565761	1.30255e-11
1.566164	1.30185e-11
1.566568	1.29024e-11
1.566971	1.28735e-11
1.567374	1.28644e-11
1.567778	1.2802e-11
1.568181	1.26205e-11
1.568584	1.25772e-11
1.568988	1.24101e-11
1.569391	1.22215e-11
1.569794	1.2137e-11
1.57	1.2170092574254162e-11
