0.fits 6.455000 -50.000000 29.147500
1.fits 7.016000 -75.000000 27.466800
10.fits 2.696000 21.300000 30.307100
11.fits 9.021000 -40.400000 25.911400
12.fits 12.018000 58.800000 28.273700
13.fits 17.317000 -36.400000 27.405400
14.fits 10.111000 13.800000 29.376600
15.fits 10.834000 -35.200000 27.839600
16.fits 5.606000 -12.900000 28.207400
17.fits 38.151000 -32.600000 24.160900
18.fits 9.654000 83.000000 26.959700
19.fits 25.097000 -70.500000 26.658500
2.fits 6.414000 -81.800000 30.060600
20.fits 25.792000 64.600000 25.341700
21.fits 7.212000 16.300000 27.558300
22.fits 8.433000 55.400000 28.102600
23.fits 13.972000 39.300000 26.024400
24.fits 11.162000 80.400000 25.966600
25.fits 15.350000 -57.100000 24.677100
27.fits 7.438000 -78.100000 26.155600
28.fits 13.341000 -35.000000 26.407000
29.fits 23.775000 -83.500000 26.874700
3.fits 6.243000 50.400000 28.419300
30.fits 2.549000 27.900000 29.080300
31.fits 20.183000 32.300000 27.370600
32.fits 16.713000 -74.000000 27.147700
33.fits 5.794000 60.600000 28.038800
34.fits 6.308000 63.200000 29.933100
35.fits 7.728000 11.500000 29.070100
36.fits 5.182000 5.000000 28.504900
37.fits 8.899000 85.400000 26.493100
38.fits 10.009000 -80.700000 27.869100
39.fits 46.095000 17.500000 23.739900
4.fits 8.127000 -54.700000 28.814600
40.fits 36.795000 -17.400000 24.707900
41.fits 48.184000 63.200000 22.750500
43.fits 38.692000 -32.300000 24.136200
44.fits 26.407000 -3.700000 22.681100
45.fits 34.933000 -20.400000 24.773000
5.fits 7.025000 -80.300000 29.944000
6.fits 15.716000 28.900000 27.122700
8.fits 8.126000 -66.400000 29.769300
9.fits 6.095000 -70.700000 29.108100
