    -0.999               0.8153887
    -0.998               0.8202663
    -0.997               0.8197944
    -0.996               0.8170797
    -0.995               0.8131368
    -0.994               0.8084222
    -0.993               0.8031811
    -0.992               0.7975603
    -0.991               0.7916554
    -0.990               0.7855316
    -0.989               0.7792359
    -0.988               0.7728030
    -0.987               0.7662596
    -0.986               0.7596262
    -0.985               0.7529194
    -0.984               0.7461525
    -0.983               0.7393365
    -0.982               0.7324805
    -0.981               0.7255922
    -0.980               0.7186781
    -0.979               0.7117436
    -0.978               0.7047937
    -0.977               0.6978325
    -0.976               0.6908637
    -0.975               0.6838904
    -0.974               0.6769156
    -0.973               0.6699416
    -0.972               0.6629709
    -0.971               0.6560053
    -0.970               0.6490467
    -0.969               0.6420967
    -0.968               0.6351569
    -0.967               0.6282285
    -0.966               0.6213128
    -0.965               0.6144108
    -0.964               0.6075237
    -0.963               0.6006523
    -0.962               0.5937975
    -0.961               0.5869600
    -0.960               0.5801407
    -0.959               0.5733402
    -0.958               0.5665590
    -0.957               0.5597978
    -0.956               0.5530571
    -0.955               0.5463375
    -0.954               0.5396392
    -0.953               0.5329629
    -0.952               0.5263088
    -0.951               0.5196773
    -0.950               0.5130689
    -0.949               0.5064837
    -0.948               0.4999222
    -0.947               0.4933845
    -0.946               0.4868710
    -0.945               0.4803819
    -0.944               0.4739174
    -0.943               0.4674777
    -0.942               0.4610631
    -0.941               0.4546736
    -0.940               0.4483096
    -0.939               0.4419711
    -0.938               0.4356583
    -0.937               0.4293713
    -0.936               0.4231104
    -0.935               0.4168755
    -0.934               0.4106668
    -0.933               0.4044845
    -0.932               0.3983286
    -0.931               0.3921992
    -0.930               0.3860964
    -0.929               0.3800203
    -0.928               0.3739709
    -0.927               0.3679483
    -0.926               0.3619527
    -0.925               0.3559839
    -0.924               0.3500422
    -0.923               0.3441275
    -0.922               0.3382399
    -0.921               0.3323795
    -0.920               0.3265461
    -0.919               0.3207400
    -0.918               0.3149611
    -0.917               0.3092095
    -0.916               0.3034851
    -0.915               0.2977881
    -0.914               0.2921183
    -0.913               0.2864758
    -0.912               0.2808607
    -0.911               0.2752729
    -0.910               0.2697125
    -0.909               0.2641794
    -0.908               0.2586737
    -0.907               0.2531953
    -0.906               0.2477442
    -0.905               0.2423205
    -0.904               0.2369241
    -0.903               0.2315550
    -0.902               0.2262132
    -0.901               0.2208988
    -0.900               0.2156116
    -0.899               0.2103516
    -0.898               0.2051189
    -0.897               0.1999135
    -0.896               0.1947352
    -0.895               0.1895842
    -0.894               0.1844602
    -0.893               0.1793635
    -0.892               0.1742938
    -0.891               0.1692512
    -0.890               0.1642357
    -0.889               0.1592472
    -0.888               0.1542857
    -0.887               0.1493512
    -0.886               0.1444436
    -0.885               0.1395629
    -0.884               0.1347090
    -0.883               0.1298820
    -0.882               0.1250818
    -0.881               0.1203084
    -0.880               0.1155616
    -0.879               0.1108416
    -0.878               0.1061482
    -0.877               0.1014814
    -0.876               0.0968411
    -0.875               0.0922274
    -0.874               0.0876401
    -0.873               0.0830793
    -0.872               0.0785449
    -0.871               0.0740369
    -0.870               0.0695551
    -0.869               0.0650996
    -0.868               0.0606703
    -0.867               0.0562672
    -0.866               0.0518903
    -0.865               0.0475394
    -0.864               0.0432145
    -0.863               0.0389156
    -0.862               0.0346426
    -0.861               0.0303956
    -0.860               0.0261743
    -0.859               0.0219789
    -0.858               0.0178092
    -0.857               0.0136651
    -0.856               0.0095467
    -0.855               0.0054539
    -0.854               0.0013867
    -0.853              -0.0026551
    -0.852              -0.0066715
    -0.851              -0.0106625
    -0.850              -0.0146282
    -0.849              -0.0185686
    -0.848              -0.0224837
    -0.847              -0.0263737
    -0.846              -0.0302386
    -0.845              -0.0340785
    -0.844              -0.0378933
    -0.843              -0.0416832
    -0.842              -0.0454482
    -0.841              -0.0491884
    -0.840              -0.0529038
    -0.839              -0.0565945
    -0.838              -0.0602605
    -0.837              -0.0639018
    -0.836              -0.0675187
    -0.835              -0.0711110
    -0.834              -0.0746789
    -0.833              -0.0782224
    -0.832              -0.0817415
    -0.831              -0.0852364
    -0.830              -0.0887071
    -0.829              -0.0921536
    -0.828              -0.0955761
    -0.827              -0.0989744
    -0.826              -0.1023488
    -0.825              -0.1056993
    -0.824              -0.1090259
    -0.823              -0.1123287
    -0.822              -0.1156078
    -0.821              -0.1188631
    -0.820              -0.1220948
    -0.819              -0.1253030
    -0.818              -0.1284876
    -0.817              -0.1316488
    -0.816              -0.1347866
    -0.815              -0.1379010
    -0.814              -0.1409922
    -0.813              -0.1440602
    -0.812              -0.1471050
    -0.811              -0.1501267
    -0.810              -0.1531253
    -0.809              -0.1561010
    -0.808              -0.1590538
    -0.807              -0.1619837
    -0.806              -0.1648908
    -0.805              -0.1677752
    -0.804              -0.1706369
    -0.803              -0.1734760
    -0.802              -0.1762926
    -0.801              -0.1790866
    -0.800              -0.1818582
    -0.799              -0.1846075
    -0.798              -0.1873344
    -0.797              -0.1900391
    -0.796              -0.1927216
    -0.795              -0.1953820
    -0.794              -0.1980203
    -0.793              -0.2006366
    -0.792              -0.2032309
    -0.791              -0.2058034
    -0.790              -0.2083540
    -0.789              -0.2108829
    -0.788              -0.2133901
    -0.787              -0.2158757
    -0.786              -0.2183396
    -0.785              -0.2207821
    -0.784              -0.2232031
    -0.783              -0.2256027
    -0.782              -0.2279810
    -0.781              -0.2303380
    -0.780              -0.2326738
    -0.779              -0.2349885
    -0.778              -0.2372820
    -0.777              -0.2395546
    -0.776              -0.2418062
    -0.775              -0.2440369
    -0.774              -0.2462467
    -0.773              -0.2484358
    -0.772              -0.2506041
    -0.771              -0.2527518
    -0.770              -0.2548790
    -0.769              -0.2569856
    -0.768              -0.2590717
    -0.767              -0.2611374
    -0.766              -0.2631828
    -0.765              -0.2652078
    -0.764              -0.2672127
    -0.763              -0.2691974
    -0.762              -0.2711620
    -0.761              -0.2731066
    -0.760              -0.2750312
    -0.759              -0.2769359
    -0.758              -0.2788207
    -0.757              -0.2806858
    -0.756              -0.2825311
    -0.755              -0.2843568
    -0.754              -0.2861628
    -0.753              -0.2879493
    -0.752              -0.2897164
    -0.751              -0.2914640
    -0.750              -0.2931922
    -0.749              -0.2949012
    -0.748              -0.2965909
    -0.747              -0.2982615
    -0.746              -0.2999129
    -0.745              -0.3015453
    -0.744              -0.3031587
    -0.743              -0.3047532
    -0.742              -0.3063288
    -0.741              -0.3078857
    -0.740              -0.3094237
    -0.739              -0.3109431
    -0.738              -0.3124439
    -0.737              -0.3139261
    -0.736              -0.3153898
    -0.735              -0.3168351
    -0.734              -0.3182620
    -0.733              -0.3196706
    -0.732              -0.3210610
    -0.731              -0.3224331
    -0.730              -0.3237872
    -0.729              -0.3251231
    -0.728              -0.3264411
    -0.727              -0.3277411
    -0.726              -0.3290232
    -0.725              -0.3302875
    -0.724              -0.3315341
    -0.723              -0.3327629
    -0.722              -0.3339741
    -0.721              -0.3351677
    -0.720              -0.3363438
    -0.719              -0.3375025
    -0.718              -0.3386437
    -0.717              -0.3397676
    -0.716              -0.3408742
    -0.715              -0.3419637
    -0.714              -0.3430359
    -0.713              -0.3440911
    -0.712              -0.3451292
    -0.711              -0.3461504
    -0.710              -0.3471546
    -0.709              -0.3481420
    -0.708              -0.3491126
    -0.707              -0.3500665
    -0.706              -0.3510037
    -0.705              -0.3519243
    -0.704              -0.3528283
    -0.703              -0.3537159
    -0.702              -0.3545870
    -0.701              -0.3554417
    -0.700              -0.3562802
    -0.699              -0.3571023
    -0.698              -0.3579083
    -0.697              -0.3586982
    -0.696              -0.3594720
    -0.695              -0.3602297
    -0.694              -0.3609716
    -0.693              -0.3616975
    -0.692              -0.3624076
    -0.691              -0.3631019
    -0.690              -0.3637805
    -0.689              -0.3644435
    -0.688              -0.3650909
    -0.687              -0.3657227
    -0.686              -0.3663390
    -0.685              -0.3669400
    -0.684              -0.3675256
    -0.683              -0.3680958
    -0.682              -0.3686509
    -0.681              -0.3691907
    -0.680              -0.3697155
    -0.679              -0.3702251
    -0.678              -0.3707198
    -0.677              -0.3711995
    -0.676              -0.3716644
    -0.675              -0.3721144
    -0.674              -0.3725496
    -0.673              -0.3729702
    -0.672              -0.3733760
    -0.671              -0.3737673
    -0.670              -0.3741441
    -0.669              -0.3745064
    -0.668              -0.3748542
    -0.667              -0.3751877
    -0.666              -0.3755069
    -0.665              -0.3758119
    -0.664              -0.3761026
    -0.663              -0.3763793
    -0.662              -0.3766418
    -0.661              -0.3768904
    -0.660              -0.3771250
    -0.659              -0.3773457
    -0.658              -0.3775526
    -0.657              -0.3777457
    -0.656              -0.3779250
    -0.655              -0.3780907
    -0.654              -0.3782428
    -0.653              -0.3783814
    -0.652              -0.3785064
    -0.651              -0.3786180
    -0.650              -0.3787162
    -0.649              -0.3788012
    -0.648              -0.3788728
    -0.647              -0.3789312
    -0.646              -0.3789765
    -0.645              -0.3790087
    -0.644              -0.3790279
    -0.643              -0.3790341
    -0.642              -0.3790273
    -0.641              -0.3790077
    -0.640              -0.3789753
    -0.639              -0.3789301
    -0.638              -0.3788722
    -0.637              -0.3788017
    -0.636              -0.3787186
    -0.635              -0.3786230
    -0.634              -0.3785149
    -0.633              -0.3783943
    -0.632              -0.3782615
    -0.631              -0.3781163
    -0.630              -0.3779589
    -0.629              -0.3777892
    -0.628              -0.3776075
    -0.627              -0.3774136
    -0.626              -0.3772078
    -0.625              -0.3769899
    -0.624              -0.3767602
    -0.623              -0.3765186
    -0.622              -0.3762652
    -0.621              -0.3760000
    -0.620              -0.3757232
    -0.619              -0.3754347
    -0.618              -0.3751346
    -0.617              -0.3748230
    -0.616              -0.3745000
    -0.615              -0.3741655
    -0.614              -0.3738196
    -0.613              -0.3734625
    -0.612              -0.3730941
    -0.611              -0.3727145
    -0.610              -0.3723237
    -0.609              -0.3719219
    -0.608              -0.3715090
    -0.607              -0.3710851
    -0.606              -0.3706504
    -0.605              -0.3702047
    -0.604              -0.3697482
    -0.603              -0.3692810
    -0.602              -0.3688030
    -0.601              -0.3683144
    -0.600              -0.3678152
    -0.599              -0.3673055
    -0.598              -0.3667852
    -0.597              -0.3662546
    -0.596              -0.3657135
    -0.595              -0.3651621
    -0.594              -0.3646004
    -0.593              -0.3640285
    -0.592              -0.3634464
    -0.591              -0.3628542
    -0.590              -0.3622519
    -0.589              -0.3616396
    -0.588              -0.3610173
    -0.587              -0.3603852
    -0.586              -0.3597432
    -0.585              -0.3590913
    -0.584              -0.3584298
    -0.583              -0.3577585
    -0.582              -0.3570776
    -0.581              -0.3563871
    -0.580              -0.3556870
    -0.579              -0.3549775
    -0.578              -0.3542585
    -0.577              -0.3535302
    -0.576              -0.3527925
    -0.575              -0.3520455
    -0.574              -0.3512893
    -0.573              -0.3505240
    -0.572              -0.3497495
    -0.571              -0.3489659
    -0.570              -0.3481733
    -0.569              -0.3473718
    -0.568              -0.3465613
    -0.567              -0.3457420
    -0.566              -0.3449138
    -0.565              -0.3440769
    -0.564              -0.3432313
    -0.563              -0.3423770
    -0.562              -0.3415141
    -0.561              -0.3406427
    -0.560              -0.3397627
    -0.559              -0.3388743
    -0.558              -0.3379774
    -0.557              -0.3370723
    -0.556              -0.3361588
    -0.555              -0.3352370
    -0.554              -0.3343071
    -0.553              -0.3333690
    -0.552              -0.3324228
    -0.551              -0.3314685
    -0.550              -0.3305063
    -0.549              -0.3295361
    -0.548              -0.3285580
    -0.547              -0.3275720
    -0.546              -0.3265782
    -0.545              -0.3255767
    -0.544              -0.3245675
    -0.543              -0.3235506
    -0.542              -0.3225261
    -0.541              -0.3214940
    -0.540              -0.3204545
    -0.539              -0.3194075
    -0.538              -0.3183531
    -0.537              -0.3172913
    -0.536              -0.3162222
    -0.535              -0.3151459
    -0.534              -0.3140623
    -0.533              -0.3129716
    -0.532              -0.3118738
    -0.531              -0.3107689
    -0.530              -0.3096570
    -0.529              -0.3085381
    -0.528              -0.3074123
    -0.527              -0.3062796
    -0.526              -0.3051401
    -0.525              -0.3039939
    -0.524              -0.3028409
    -0.523              -0.3016812
    -0.522              -0.3005149
    -0.521              -0.2993420
    -0.520              -0.2981626
    -0.519              -0.2969767
    -0.518              -0.2957843
    -0.517              -0.2945856
    -0.516              -0.2933805
    -0.515              -0.2921691
    -0.514              -0.2909515
    -0.513              -0.2897276
    -0.512              -0.2884976
    -0.511              -0.2872615
    -0.510              -0.2860194
    -0.509              -0.2847712
    -0.508              -0.2835170
    -0.507              -0.2822570
    -0.506              -0.2809910
    -0.505              -0.2797193
    -0.504              -0.2784417
    -0.503              -0.2771584
    -0.502              -0.2758694
    -0.501              -0.2745748
    -0.500              -0.2732746
    -0.499              -0.2719688
    -0.498              -0.2706576
    -0.497              -0.2693409
    -0.496              -0.2680187
    -0.495              -0.2666912
    -0.494              -0.2653584
    -0.493              -0.2640203
    -0.492              -0.2626770
    -0.491              -0.2613284
    -0.490              -0.2599748
    -0.489              -0.2586160
    -0.488              -0.2572523
    -0.487              -0.2558835
    -0.486              -0.2545097
    -0.485              -0.2531310
    -0.484              -0.2517475
    -0.483              -0.2503591
    -0.482              -0.2489660
    -0.481              -0.2475681
    -0.480              -0.2461656
    -0.479              -0.2447584
    -0.478              -0.2433466
    -0.477              -0.2419302
    -0.476              -0.2405093
    -0.475              -0.2390840
    -0.474              -0.2376542
    -0.473              -0.2362201
    -0.472              -0.2347816
    -0.471              -0.2333388
    -0.470              -0.2318918
    -0.469              -0.2304406
    -0.468              -0.2289852
    -0.467              -0.2275257
    -0.466              -0.2260621
    -0.465              -0.2245945
    -0.464              -0.2231229
    -0.463              -0.2216474
    -0.462              -0.2201679
    -0.461              -0.2186846
    -0.460              -0.2171975
    -0.459              -0.2157066
    -0.458              -0.2142120
    -0.457              -0.2127137
    -0.456              -0.2112118
    -0.455              -0.2097062
    -0.454              -0.2081971
    -0.453              -0.2066845
    -0.452              -0.2051684
    -0.451              -0.2036489
    -0.450              -0.2021260
    -0.449              -0.2005997
    -0.448              -0.1990701
    -0.447              -0.1975373
    -0.446              -0.1960012
    -0.445              -0.1944620
    -0.444              -0.1929196
    -0.443              -0.1913741
    -0.442              -0.1898256
    -0.441              -0.1882740
    -0.440              -0.1867195
    -0.439              -0.1851620
    -0.438              -0.1836017
    -0.437              -0.1820385
    -0.436              -0.1804724
    -0.435              -0.1789037
    -0.434              -0.1773321
    -0.433              -0.1757579
    -0.432              -0.1741811
    -0.431              -0.1726017
    -0.430              -0.1710196
    -0.429              -0.1694351
    -0.428              -0.1678481
    -0.427              -0.1662586
    -0.426              -0.1646667
    -0.425              -0.1630725
    -0.424              -0.1614759
    -0.423              -0.1598770
    -0.422              -0.1582759
    -0.421              -0.1566726
    -0.420              -0.1550671
    -0.419              -0.1534595
    -0.418              -0.1518498
    -0.417              -0.1502381
    -0.416              -0.1486244
    -0.415              -0.1470086
    -0.414              -0.1453910
    -0.413              -0.1437715
    -0.412              -0.1421501
    -0.411              -0.1405268
    -0.410              -0.1389019
    -0.409              -0.1372751
    -0.408              -0.1356467
    -0.407              -0.1340166
    -0.406              -0.1323850
    -0.405              -0.1307517
    -0.404              -0.1291168
    -0.403              -0.1274805
    -0.402              -0.1258427
    -0.401              -0.1242035
    -0.400              -0.1225628
    -0.399              -0.1209209
    -0.398              -0.1192776
    -0.397              -0.1176330
    -0.396              -0.1159872
    -0.395              -0.1143401
    -0.394              -0.1126919
    -0.393              -0.1110426
    -0.392              -0.1093922
    -0.391              -0.1077407
    -0.390              -0.1060883
    -0.389              -0.1044348
    -0.388              -0.1027804
    -0.387              -0.1011250
    -0.386              -0.0994688
    -0.385              -0.0978118
    -0.384              -0.0961540
    -0.383              -0.0944954
    -0.382              -0.0928361
    -0.381              -0.0911761
    -0.380              -0.0895154
    -0.379              -0.0878541
    -0.378              -0.0861923
    -0.377              -0.0845299
    -0.376              -0.0828670
    -0.375              -0.0812036
    -0.374              -0.0795398
    -0.373              -0.0778755
    -0.372              -0.0762109
    -0.371              -0.0745460
    -0.370              -0.0728808
    -0.369              -0.0712153
    -0.368              -0.0695496
    -0.367              -0.0678837
    -0.366              -0.0662176
    -0.365              -0.0645515
    -0.364              -0.0628852
    -0.363              -0.0612189
    -0.362              -0.0595526
    -0.361              -0.0578863
    -0.360              -0.0562200
    -0.359              -0.0545538
    -0.358              -0.0528878
    -0.357              -0.0512219
    -0.356              -0.0495562
    -0.355              -0.0478907
    -0.354              -0.0462255
    -0.353              -0.0445605
    -0.352              -0.0428959
    -0.351              -0.0412316
    -0.350              -0.0395678
    -0.349              -0.0379043
    -0.348              -0.0362414
    -0.347              -0.0345789
    -0.346              -0.0329169
    -0.345              -0.0312555
    -0.344              -0.0295947
    -0.343              -0.0279345
    -0.342              -0.0262750
    -0.341              -0.0246161
    -0.340              -0.0229580
    -0.339              -0.0213007
    -0.338              -0.0196441
    -0.337              -0.0179883
    -0.336              -0.0163334
    -0.335              -0.0146794
    -0.334              -0.0130263
    -0.333              -0.0113742
    -0.332              -0.0097230
    -0.331              -0.0080729
    -0.330              -0.0064237
    -0.329              -0.0047757
    -0.328              -0.0031288
    -0.327              -0.0014830
    -0.326               0.0001616
    -0.325               0.0018050
    -0.324               0.0034472
    -0.323               0.0050881
    -0.322               0.0067277
    -0.321               0.0083660
    -0.320               0.0100029
    -0.319               0.0116385
    -0.318               0.0132726
    -0.317               0.0149053
    -0.316               0.0165364
    -0.315               0.0181661
    -0.314               0.0197942
    -0.313               0.0214208
    -0.312               0.0230457
    -0.311               0.0246691
    -0.310               0.0262907
    -0.309               0.0279107
    -0.308               0.0295289
    -0.307               0.0311454
    -0.306               0.0327601
    -0.305               0.0343730
    -0.304               0.0359841
    -0.303               0.0375932
    -0.302               0.0392005
    -0.301               0.0408059
    -0.300               0.0424092
    -0.299               0.0440106
    -0.298               0.0456100
    -0.297               0.0472074
    -0.296               0.0488026
    -0.295               0.0503958
    -0.294               0.0519868
    -0.293               0.0535757
    -0.292               0.0551623
    -0.291               0.0567468
    -0.290               0.0583290
    -0.289               0.0599089
    -0.288               0.0614865
    -0.287               0.0630618
    -0.286               0.0646348
    -0.285               0.0662053
    -0.284               0.0677735
    -0.283               0.0693391
    -0.282               0.0709024
    -0.281               0.0724631
    -0.280               0.0740213
    -0.279               0.0755769
    -0.278               0.0771300
    -0.277               0.0786805
    -0.276               0.0802283
    -0.275               0.0817735
    -0.274               0.0833159
    -0.273               0.0848557
    -0.272               0.0863927
    -0.271               0.0879270
    -0.270               0.0894584
    -0.269               0.0909871
    -0.268               0.0925129
    -0.267               0.0940358
    -0.266               0.0955558
    -0.265               0.0970729
    -0.264               0.0985870
    -0.263               0.1000982
    -0.262               0.1016064
    -0.261               0.1031115
    -0.260               0.1046136
    -0.259               0.1061126
    -0.258               0.1076084
    -0.257               0.1091012
    -0.256               0.1105908
    -0.255               0.1120772
    -0.254               0.1135604
    -0.253               0.1150404
    -0.252               0.1165171
    -0.251               0.1179905
    -0.250               0.1194607
    -0.249               0.1209275
    -0.248               0.1223909
    -0.247               0.1238510
    -0.246               0.1253076
    -0.245               0.1267609
    -0.244               0.1282106
    -0.243               0.1296569
    -0.242               0.1310997
    -0.241               0.1325390
    -0.240               0.1339747
    -0.239               0.1354068
    -0.238               0.1368354
    -0.237               0.1382603
    -0.236               0.1396816
    -0.235               0.1410992
    -0.234               0.1425131
    -0.233               0.1439233
    -0.232               0.1453298
    -0.231               0.1467325
    -0.230               0.1481314
    -0.229               0.1495265
    -0.228               0.1509178
    -0.227               0.1523053
    -0.226               0.1536888
    -0.225               0.1550685
    -0.224               0.1564442
    -0.223               0.1578160
    -0.222               0.1591839
    -0.221               0.1605477
    -0.220               0.1619076
    -0.219               0.1632634
    -0.218               0.1646151
    -0.217               0.1659628
    -0.216               0.1673064
    -0.215               0.1686459
    -0.214               0.1699812
    -0.213               0.1713124
    -0.212               0.1726394
    -0.211               0.1739622
    -0.210               0.1752807
    -0.209               0.1765950
    -0.208               0.1779051
    -0.207               0.1792108
    -0.206               0.1805123
    -0.205               0.1818094
    -0.204               0.1831022
    -0.203               0.1843906
    -0.202               0.1856746
    -0.201               0.1869542
    -0.200               0.1882294
    -0.199               0.1895001
    -0.198               0.1907663
    -0.197               0.1920281
    -0.196               0.1932853
    -0.195               0.1945380
    -0.194               0.1957862
    -0.193               0.1970298
    -0.192               0.1982688
    -0.191               0.1995032
    -0.190               0.2007329
    -0.189               0.2019580
    -0.188               0.2031785
    -0.187               0.2043942
    -0.186               0.2056053
    -0.185               0.2068116
    -0.184               0.2080132
    -0.183               0.2092100
    -0.182               0.2104020
    -0.181               0.2115892
    -0.180               0.2127716
    -0.179               0.2139492
    -0.178               0.2151219
    -0.177               0.2162898
    -0.176               0.2174527
    -0.175               0.2186108
    -0.174               0.2197639
    -0.173               0.2209121
    -0.172               0.2220553
    -0.171               0.2231935
    -0.170               0.2243268
    -0.169               0.2254550
    -0.168               0.2265782
    -0.167               0.2276963
    -0.166               0.2288093
    -0.165               0.2299173
    -0.164               0.2310202
    -0.163               0.2321180
    -0.162               0.2332106
    -0.161               0.2342980
    -0.160               0.2353803
    -0.159               0.2364575
    -0.158               0.2375294
    -0.157               0.2385961
    -0.156               0.2396575
    -0.155               0.2407137
    -0.154               0.2417647
    -0.153               0.2428103
    -0.152               0.2438507
    -0.151               0.2448857
    -0.150               0.2459154
    -0.149               0.2469398
    -0.148               0.2479588
    -0.147               0.2489724
    -0.146               0.2499806
    -0.145               0.2509835
    -0.144               0.2519809
    -0.143               0.2529728
    -0.142               0.2539593
    -0.141               0.2549404
    -0.140               0.2559159
    -0.139               0.2568860
    -0.138               0.2578505
    -0.137               0.2588095
    -0.136               0.2597630
    -0.135               0.2607109
    -0.134               0.2616532
    -0.133               0.2625900
    -0.132               0.2635212
    -0.131               0.2644467
    -0.130               0.2653666
    -0.129               0.2662809
    -0.128               0.2671895
    -0.127               0.2680925
    -0.126               0.2689897
    -0.125               0.2698813
    -0.124               0.2707672
    -0.123               0.2716473
    -0.122               0.2725217
    -0.121               0.2733904
    -0.120               0.2742533
    -0.119               0.2751104
    -0.118               0.2759618
    -0.117               0.2768073
    -0.116               0.2776470
    -0.115               0.2784809
    -0.114               0.2793090
    -0.113               0.2801312
    -0.112               0.2809475
    -0.111               0.2817580
    -0.110               0.2825626
    -0.109               0.2833613
    -0.108               0.2841540
    -0.107               0.2849409
    -0.106               0.2857218
    -0.105               0.2864968
    -0.104               0.2872658
    -0.103               0.2880288
    -0.102               0.2887859
    -0.101               0.2895370
    -0.100               0.2902821
    -0.099               0.2910211
    -0.098               0.2917541
    -0.097               0.2924811
    -0.096               0.2932021
    -0.095               0.2939170
    -0.094               0.2946258
    -0.093               0.2953285
    -0.092               0.2960252
    -0.091               0.2967157
    -0.090               0.2974002
    -0.089               0.2980785
    -0.088               0.2987507
    -0.087               0.2994167
    -0.086               0.3000766
    -0.085               0.3007304
    -0.084               0.3013780
    -0.083               0.3020194
    -0.082               0.3026546
    -0.081               0.3032836
    -0.080               0.3039064
    -0.079               0.3045229
    -0.078               0.3051333
    -0.077               0.3057374
    -0.076               0.3063353
    -0.075               0.3069269
    -0.074               0.3075123
    -0.073               0.3080914
    -0.072               0.3086642
    -0.071               0.3092307
    -0.070               0.3097909
    -0.069               0.3103448
    -0.068               0.3108924
    -0.067               0.3114337
    -0.066               0.3119687
    -0.065               0.3124973
    -0.064               0.3130196
    -0.063               0.3135355
    -0.062               0.3140451
    -0.061               0.3145482
    -0.060               0.3150451
    -0.059               0.3155355
    -0.058               0.3160195
    -0.057               0.3164972
    -0.056               0.3169684
    -0.055               0.3174333
    -0.054               0.3178917
    -0.053               0.3183437
    -0.052               0.3187892
    -0.051               0.3192283
    -0.050               0.3196610
    -0.049               0.3200872
    -0.048               0.3205070
    -0.047               0.3209203
    -0.046               0.3213271
    -0.045               0.3217274
    -0.044               0.3221213
    -0.043               0.3225086
    -0.042               0.3228895
    -0.041               0.3232639
    -0.040               0.3236318
    -0.039               0.3239931
    -0.038               0.3243480
    -0.037               0.3246963
    -0.036               0.3250381
    -0.035               0.3253733
    -0.034               0.3257020
    -0.033               0.3260242
    -0.032               0.3263398
    -0.031               0.3266489
    -0.030               0.3269514
    -0.029               0.3272473
    -0.028               0.3275367
    -0.027               0.3278195
    -0.026               0.3280957
    -0.025               0.3283654
    -0.024               0.3286285
    -0.023               0.3288849
    -0.022               0.3291348
    -0.021               0.3293781
    -0.020               0.3296148
    -0.019               0.3298449
    -0.018               0.3300684
    -0.017               0.3302852
    -0.016               0.3304955
    -0.015               0.3306991
    -0.014               0.3308961
    -0.013               0.3310865
    -0.012               0.3312702
    -0.011               0.3314474
    -0.010               0.3316179
    -0.009               0.3317817
    -0.008               0.3319389
    -0.007               0.3320895
    -0.006               0.3322334
    -0.005               0.3323707
    -0.004               0.3325014
    -0.003               0.3326253
    -0.002               0.3327427
    -0.001               0.3328533
     0.000               0.3329574
     0.001               0.3330547
     0.002               0.3331454
     0.003               0.3332295
     0.004               0.3333068
     0.005               0.3333775
     0.006               0.3334416
     0.007               0.3334989
     0.008               0.3335496
     0.009               0.3335937
     0.010               0.3336310
     0.011               0.3336617
     0.012               0.3336857
     0.013               0.3337031
     0.014               0.3337137
     0.015               0.3337177
     0.016               0.3337150
     0.017               0.3337057
     0.018               0.3336896
     0.019               0.3336669
     0.020               0.3336375
     0.021               0.3336015
     0.022               0.3335587
     0.023               0.3335093
     0.024               0.3334532
     0.025               0.3333904
     0.026               0.3333210
     0.027               0.3332448
     0.028               0.3331620
     0.029               0.3330726
     0.030               0.3329764
     0.031               0.3328736
     0.032               0.3327641
     0.033               0.3326480
     0.034               0.3325251
     0.035               0.3323956
     0.036               0.3322595
     0.037               0.3321167
     0.038               0.3319672
     0.039               0.3318110
     0.040               0.3316482
     0.041               0.3314788
     0.042               0.3313027
     0.043               0.3311199
     0.044               0.3309305
     0.045               0.3307344
     0.046               0.3305317
     0.047               0.3303223
     0.048               0.3301063
     0.049               0.3298837
     0.050               0.3296544
     0.051               0.3294185
     0.052               0.3291760
     0.053               0.3289268
     0.054               0.3286711
     0.055               0.3284086
     0.056               0.3281396
     0.057               0.3278640
     0.058               0.3275817
     0.059               0.3272929
     0.060               0.3269974
     0.061               0.3266954
     0.062               0.3263867
     0.063               0.3260715
     0.064               0.3257496
     0.065               0.3254212
     0.066               0.3250862
     0.067               0.3247447
     0.068               0.3243965
     0.069               0.3240418
     0.070               0.3236805
     0.071               0.3233127
     0.072               0.3229383
     0.073               0.3225574
     0.074               0.3221699
     0.075               0.3217759
     0.076               0.3213754
     0.077               0.3209683
     0.078               0.3205548
     0.079               0.3201347
     0.080               0.3197081
     0.081               0.3192749
     0.082               0.3188353
     0.083               0.3183892
     0.084               0.3179366
     0.085               0.3174776
     0.086               0.3170120
     0.087               0.3165400
     0.088               0.3160615
     0.089               0.3155766
     0.090               0.3150852
     0.091               0.3145874
     0.092               0.3140831
     0.093               0.3135724
     0.094               0.3130553
     0.095               0.3125318
     0.096               0.3120018
     0.097               0.3114655
     0.098               0.3109227
     0.099               0.3103736
     0.100               0.3098181
     0.101               0.3092562
     0.102               0.3086880
     0.103               0.3081134
     0.104               0.3075325
     0.105               0.3069452
     0.106               0.3063516
     0.107               0.3057516
     0.108               0.3051454
     0.109               0.3045328
     0.110               0.3039139
     0.111               0.3032888
     0.112               0.3026573
     0.113               0.3020196
     0.114               0.3013756
     0.115               0.3007254
     0.116               0.3000689
     0.117               0.2994062
     0.118               0.2987373
     0.119               0.2980621
     0.120               0.2973807
     0.121               0.2966931
     0.122               0.2959993
     0.123               0.2952994
     0.124               0.2945933
     0.125               0.2938810
     0.126               0.2931625
     0.127               0.2924379
     0.128               0.2917072
     0.129               0.2909704
     0.130               0.2902274
     0.131               0.2894784
     0.132               0.2887232
     0.133               0.2879620
     0.134               0.2871947
     0.135               0.2864214
     0.136               0.2856420
     0.137               0.2848565
     0.138               0.2840651
     0.139               0.2832676
     0.140               0.2824641
     0.141               0.2816546
     0.142               0.2808391
     0.143               0.2800177
     0.144               0.2791903
     0.145               0.2783570
     0.146               0.2775177
     0.147               0.2766725
     0.148               0.2758214
     0.149               0.2749644
     0.150               0.2741016
     0.151               0.2732328
     0.152               0.2723582
     0.153               0.2714777
     0.154               0.2705914
     0.155               0.2696993
     0.156               0.2688013
     0.157               0.2678976
     0.158               0.2669881
     0.159               0.2660728
     0.160               0.2651517
     0.161               0.2642249
     0.162               0.2632924
     0.163               0.2623541
     0.164               0.2614102
     0.165               0.2604605
     0.166               0.2595052
     0.167               0.2585442
     0.168               0.2575776
     0.169               0.2566053
     0.170               0.2556274
     0.171               0.2546439
     0.172               0.2536548
     0.173               0.2526601
     0.174               0.2516598
     0.175               0.2506540
     0.176               0.2496427
     0.177               0.2486259
     0.178               0.2476035
     0.179               0.2465756
     0.180               0.2455423
     0.181               0.2445035
     0.182               0.2434593
     0.183               0.2424096
     0.184               0.2413545
     0.185               0.2402941
     0.186               0.2392282
     0.187               0.2381570
     0.188               0.2370804
     0.189               0.2359985
     0.190               0.2349112
     0.191               0.2338187
     0.192               0.2327209
     0.193               0.2316178
     0.194               0.2305094
     0.195               0.2293958
     0.196               0.2282770
     0.197               0.2271530
     0.198               0.2260238
     0.199               0.2248894
     0.200               0.2237499
     0.201               0.2226052
     0.202               0.2214554
     0.203               0.2203005
     0.204               0.2191405
     0.205               0.2179755
     0.206               0.2168054
     0.207               0.2156303
     0.208               0.2144501
     0.209               0.2132650
     0.210               0.2120749
     0.211               0.2108798
     0.212               0.2096797
     0.213               0.2084748
     0.214               0.2072649
     0.215               0.2060502
     0.216               0.2048306
     0.217               0.2036061
     0.218               0.2023768
     0.219               0.2011427
     0.220               0.1999038
     0.221               0.1986601
     0.222               0.1974117
     0.223               0.1961585
     0.224               0.1949006
     0.225               0.1936380
     0.226               0.1923708
     0.227               0.1910988
     0.228               0.1898223
     0.229               0.1885411
     0.230               0.1872553
     0.231               0.1859649
     0.232               0.1846700
     0.233               0.1833705
     0.234               0.1820665
     0.235               0.1807580
     0.236               0.1794451
     0.237               0.1781277
     0.238               0.1768058
     0.239               0.1754795
     0.240               0.1741489
     0.241               0.1728138
     0.242               0.1714744
     0.243               0.1701307
     0.244               0.1687826
     0.245               0.1674303
     0.246               0.1660737
     0.247               0.1647128
     0.248               0.1633478
     0.249               0.1619785
     0.250               0.1606050
     0.251               0.1592274
     0.252               0.1578457
     0.253               0.1564598
     0.254               0.1550698
     0.255               0.1536758
     0.256               0.1522777
     0.257               0.1508756
     0.258               0.1494695
     0.259               0.1480594
     0.260               0.1466453
     0.261               0.1452273
     0.262               0.1438054
     0.263               0.1423796
     0.264               0.1409500
     0.265               0.1395165
     0.266               0.1380791
     0.267               0.1366380
     0.268               0.1351931
     0.269               0.1337445
     0.270               0.1322921
     0.271               0.1308361
     0.272               0.1293763
     0.273               0.1279129
     0.274               0.1264459
     0.275               0.1249753
     0.276               0.1235011
     0.277               0.1220233
     0.278               0.1205420
     0.279               0.1190572
     0.280               0.1175690
     0.281               0.1160772
     0.282               0.1145820
     0.283               0.1130835
     0.284               0.1115815
     0.285               0.1100762
     0.286               0.1085676
     0.287               0.1070556
     0.288               0.1055404
     0.289               0.1040219
     0.290               0.1025002
     0.291               0.1009753
     0.292               0.0994472
     0.293               0.0979159
     0.294               0.0963815
     0.295               0.0948441
     0.296               0.0933035
     0.297               0.0917599
     0.298               0.0902133
     0.299               0.0886637
     0.300               0.0871112
     0.301               0.0855557
     0.302               0.0839973
     0.303               0.0824360
     0.304               0.0808718
     0.305               0.0793048
     0.306               0.0777350
     0.307               0.0761624
     0.308               0.0745871
     0.309               0.0730091
     0.310               0.0714284
     0.311               0.0698450
     0.312               0.0682589
     0.313               0.0666703
     0.314               0.0650790
     0.315               0.0634853
     0.316               0.0618890
     0.317               0.0602902
     0.318               0.0586889
     0.319               0.0570852
     0.320               0.0554790
     0.321               0.0538705
     0.322               0.0522597
     0.323               0.0506465
     0.324               0.0490310
     0.325               0.0474133
     0.326               0.0457933
     0.327               0.0441711
     0.328               0.0425468
     0.329               0.0409202
     0.330               0.0392916
     0.331               0.0376609
     0.332               0.0360281
     0.333               0.0343933
     0.334               0.0327565
     0.335               0.0311177
     0.336               0.0294770
     0.337               0.0278344
     0.338               0.0261899
     0.339               0.0245435
     0.340               0.0228954
     0.341               0.0212454
     0.342               0.0195937
     0.343               0.0179403
     0.344               0.0162851
     0.345               0.0146284
     0.346               0.0129699
     0.347               0.0113099
     0.348               0.0096484
     0.349               0.0079852
     0.350               0.0063206
     0.351               0.0046545
     0.352               0.0029870
     0.353               0.0013180
     0.354              -0.0003523
     0.355              -0.0020239
     0.356              -0.0036969
     0.357              -0.0053712
     0.358              -0.0070467
     0.359              -0.0087234
     0.360              -0.0104013
     0.361              -0.0120803
     0.362              -0.0137605
     0.363              -0.0154418
     0.364              -0.0171241
     0.365              -0.0188074
     0.366              -0.0204917
     0.367              -0.0221769
     0.368              -0.0238631
     0.369              -0.0255502
     0.370              -0.0272381
     0.371              -0.0289268
     0.372              -0.0306163
     0.373              -0.0323065
     0.374              -0.0339975
     0.375              -0.0356892
     0.376              -0.0373815
     0.377              -0.0390744
     0.378              -0.0407678
     0.379              -0.0424619
     0.380              -0.0441564
     0.381              -0.0458514
     0.382              -0.0475468
     0.383              -0.0492427
     0.384              -0.0509389
     0.385              -0.0526355
     0.386              -0.0543323
     0.387              -0.0560294
     0.388              -0.0577268
     0.389              -0.0594243
     0.390              -0.0611220
     0.391              -0.0628198
     0.392              -0.0645177
     0.393              -0.0662156
     0.394              -0.0679135
     0.395              -0.0696115
     0.396              -0.0713093
     0.397              -0.0730071
     0.398              -0.0747047
     0.399              -0.0764022
     0.400              -0.0780995
     0.401              -0.0797965
     0.402              -0.0814932
     0.403              -0.0831896
     0.404              -0.0848857
     0.405              -0.0865814
     0.406              -0.0882766
     0.407              -0.0899714
     0.408              -0.0916657
     0.409              -0.0933594
     0.410              -0.0950525
     0.411              -0.0967451
     0.412              -0.0984370
     0.413              -0.1001282
     0.414              -0.1018186
     0.415              -0.1035083
     0.416              -0.1051972
     0.417              -0.1068852
     0.418              -0.1085724
     0.419              -0.1102586
     0.420              -0.1119439
     0.421              -0.1136282
     0.422              -0.1153114
     0.423              -0.1169936
     0.424              -0.1186746
     0.425              -0.1203545
     0.426              -0.1220332
     0.427              -0.1237106
     0.428              -0.1253868
     0.429              -0.1270616
     0.430              -0.1287351
     0.431              -0.1304073
     0.432              -0.1320779
     0.433              -0.1337471
     0.434              -0.1354148
     0.435              -0.1370810
     0.436              -0.1387455
     0.437              -0.1404084
     0.438              -0.1420697
     0.439              -0.1437292
     0.440              -0.1453869
     0.441              -0.1470429
     0.442              -0.1486970
     0.443              -0.1503493
     0.444              -0.1519996
     0.445              -0.1536480
     0.446              -0.1552943
     0.447              -0.1569386
     0.448              -0.1585808
     0.449              -0.1602209
     0.450              -0.1618589
     0.451              -0.1634946
     0.452              -0.1651280
     0.453              -0.1667592
     0.454              -0.1683880
     0.455              -0.1700145
     0.456              -0.1716385
     0.457              -0.1732601
     0.458              -0.1748791
     0.459              -0.1764956
     0.460              -0.1781095
     0.461              -0.1797208
     0.462              -0.1813294
     0.463              -0.1829352
     0.464              -0.1845384
     0.465              -0.1861386
     0.466              -0.1877361
     0.467              -0.1893306
     0.468              -0.1909222
     0.469              -0.1925108
     0.470              -0.1940964
     0.471              -0.1956790
     0.472              -0.1972584
     0.473              -0.1988346
     0.474              -0.2004077
     0.475              -0.2019774
     0.476              -0.2035439
     0.477              -0.2051071
     0.478              -0.2066669
     0.479              -0.2082232
     0.480              -0.2097761
     0.481              -0.2113255
     0.482              -0.2128713
     0.483              -0.2144135
     0.484              -0.2159520
     0.485              -0.2174869
     0.486              -0.2190180
     0.487              -0.2205453
     0.488              -0.2220688
     0.489              -0.2235884
     0.490              -0.2251041
     0.491              -0.2266158
     0.492              -0.2281235
     0.493              -0.2296271
     0.494              -0.2311266
     0.495              -0.2326219
     0.496              -0.2341131
     0.497              -0.2356000
     0.498              -0.2370826
     0.499              -0.2385608
     0.500              -0.2400347
     0.501              -0.2415041
     0.502              -0.2429690
     0.503              -0.2444294
     0.504              -0.2458853
     0.505              -0.2473364
     0.506              -0.2487830
     0.507              -0.2502248
     0.508              -0.2516618
     0.509              -0.2530940
     0.510              -0.2545213
     0.511              -0.2559437
     0.512              -0.2573612
     0.513              -0.2587736
     0.514              -0.2601810
     0.515              -0.2615833
     0.516              -0.2629804
     0.517              -0.2643723
     0.518              -0.2657590
     0.519              -0.2671403
     0.520              -0.2685163
     0.521              -0.2698869
     0.522              -0.2712520
     0.523              -0.2726117
     0.524              -0.2739658
     0.525              -0.2753143
     0.526              -0.2766571
     0.527              -0.2779942
     0.528              -0.2793256
     0.529              -0.2806512
     0.530              -0.2819709
     0.531              -0.2832847
     0.532              -0.2845926
     0.533              -0.2858945
     0.534              -0.2871903
     0.535              -0.2884800
     0.536              -0.2897636
     0.537              -0.2910410
     0.538              -0.2923121
     0.539              -0.2935769
     0.540              -0.2948353
     0.541              -0.2960873
     0.542              -0.2973329
     0.543              -0.2985719
     0.544              -0.2998044
     0.545              -0.3010303
     0.546              -0.3022495
     0.547              -0.3034620
     0.548              -0.3046677
     0.549              -0.3058665
     0.550              -0.3070586
     0.551              -0.3082436
     0.552              -0.3094217
     0.553              -0.3105928
     0.554              -0.3117567
     0.555              -0.3129136
     0.556              -0.3140632
     0.557              -0.3152056
     0.558              -0.3163407
     0.559              -0.3174684
     0.560              -0.3185887
     0.561              -0.3197016
     0.562              -0.3208069
     0.563              -0.3219047
     0.564              -0.3229948
     0.565              -0.3240773
     0.566              -0.3251521
     0.567              -0.3262190
     0.568              -0.3272782
     0.569              -0.3283294
     0.570              -0.3293727
     0.571              -0.3304080
     0.572              -0.3314352
     0.573              -0.3324543
     0.574              -0.3334652
     0.575              -0.3344679
     0.576              -0.3354624
     0.577              -0.3364485
     0.578              -0.3374262
     0.579              -0.3383955
     0.580              -0.3393563
     0.581              -0.3403085
     0.582              -0.3412521
     0.583              -0.3421870
     0.584              -0.3431133
     0.585              -0.3440307
     0.586              -0.3449393
     0.587              -0.3458390
     0.588              -0.3467298
     0.589              -0.3476115
     0.590              -0.3484842
     0.591              -0.3493478
     0.592              -0.3502022
     0.593              -0.3510473
     0.594              -0.3518832
     0.595              -0.3527097
     0.596              -0.3535268
     0.597              -0.3543345
     0.598              -0.3551326
     0.599              -0.3559211
     0.600              -0.3567000
     0.601              -0.3574693
     0.602              -0.3582287
     0.603              -0.3589784
     0.604              -0.3597181
     0.605              -0.3604480
     0.606              -0.3611678
     0.607              -0.3618777
     0.608              -0.3625774
     0.609              -0.3632669
     0.610              -0.3639462
     0.611              -0.3646153
     0.612              -0.3652740
     0.613              -0.3659223
     0.614              -0.3665601
     0.615              -0.3671874
     0.616              -0.3678041
     0.617              -0.3684102
     0.618              -0.3690056
     0.619              -0.3695903
     0.620              -0.3701641
     0.621              -0.3707270
     0.622              -0.3712790
     0.623              -0.3718200
     0.624              -0.3723499
     0.625              -0.3728687
     0.626              -0.3733763
     0.627              -0.3738727
     0.628              -0.3743577
     0.629              -0.3748314
     0.630              -0.3752937
     0.631              -0.3757445
     0.632              -0.3761837
     0.633              -0.3766113
     0.634              -0.3770272
     0.635              -0.3774314
     0.636              -0.3778238
     0.637              -0.3782043
     0.638              -0.3785729
     0.639              -0.3789295
     0.640              -0.3792740
     0.641              -0.3796065
     0.642              -0.3799267
     0.643              -0.3802348
     0.644              -0.3805305
     0.645              -0.3808138
     0.646              -0.3810847
     0.647              -0.3813432
     0.648              -0.3815890
     0.649              -0.3818223
     0.650              -0.3820429
     0.651              -0.3822507
     0.652              -0.3824457
     0.653              -0.3826278
     0.654              -0.3827970
     0.655              -0.3829532
     0.656              -0.3830963
     0.657              -0.3832263
     0.658              -0.3833430
     0.659              -0.3834465
     0.660              -0.3835367
     0.661              -0.3836135
     0.662              -0.3836768
     0.663              -0.3837266
     0.664              -0.3837628
     0.665              -0.3837853
     0.666              -0.3837942
     0.667              -0.3837892
     0.668              -0.3837704
     0.669              -0.3837376
     0.670              -0.3836909
     0.671              -0.3836301
     0.672              -0.3835552
     0.673              -0.3834661
     0.674              -0.3833627
     0.675              -0.3832450
     0.676              -0.3831129
     0.677              -0.3829664
     0.678              -0.3828054
     0.679              -0.3826297
     0.680              -0.3824394
     0.681              -0.3822344
     0.682              -0.3820145
     0.683              -0.3817798
     0.684              -0.3815302
     0.685              -0.3812656
     0.686              -0.3809859
     0.687              -0.3806911
     0.688              -0.3803810
     0.689              -0.3800557
     0.690              -0.3797151
     0.691              -0.3793590
     0.692              -0.3789874
     0.693              -0.3786003
     0.694              -0.3781976
     0.695              -0.3777792
     0.696              -0.3773450
     0.697              -0.3768950
     0.698              -0.3764291
     0.699              -0.3759472
     0.700              -0.3754493
     0.701              -0.3749352
     0.702              -0.3744050
     0.703              -0.3738585
     0.704              -0.3732957
     0.705              -0.3727165
     0.706              -0.3721209
     0.707              -0.3715087
     0.708              -0.3708798
     0.709              -0.3702343
     0.710              -0.3695721
     0.711              -0.3688930
     0.712              -0.3681971
     0.713              -0.3674841
     0.714              -0.3667541
     0.715              -0.3660070
     0.716              -0.3652427
     0.717              -0.3644612
     0.718              -0.3636623
     0.719              -0.3628460
     0.720              -0.3620123
     0.721              -0.3611609
     0.722              -0.3602920
     0.723              -0.3594054
     0.724              -0.3585009
     0.725              -0.3575787
     0.726              -0.3566385
     0.727              -0.3556803
     0.728              -0.3547040
     0.729              -0.3537096
     0.730              -0.3526970
     0.731              -0.3516661
     0.732              -0.3506168
     0.733              -0.3495491
     0.734              -0.3484628
     0.735              -0.3473580
     0.736              -0.3462344
     0.737              -0.3450922
     0.738              -0.3439311
     0.739              -0.3427511
     0.740              -0.3415521
     0.741              -0.3403341
     0.742              -0.3390969
     0.743              -0.3378405
     0.744              -0.3365649
     0.745              -0.3352699
     0.746              -0.3339554
     0.747              -0.3326215
     0.748              -0.3312679
     0.749              -0.3298947
     0.750              -0.3285017
     0.751              -0.3270889
     0.752              -0.3256562
     0.753              -0.3242035
     0.754              -0.3227308
     0.755              -0.3212379
     0.756              -0.3197248
     0.757              -0.3181913
     0.758              -0.3166375
     0.759              -0.3150633
     0.760              -0.3134685
     0.761              -0.3118531
     0.762              -0.3102170
     0.763              -0.3085601
     0.764              -0.3068823
     0.765              -0.3051837
     0.766              -0.3034640
     0.767              -0.3017231
     0.768              -0.2999612
     0.769              -0.2981779
     0.770              -0.2963733
     0.771              -0.2945473
     0.772              -0.2926997
     0.773              -0.2908306
     0.774              -0.2889398
     0.775              -0.2870273
     0.776              -0.2850929
     0.777              -0.2831365
     0.778              -0.2811582
     0.779              -0.2791578
     0.780              -0.2771352
     0.781              -0.2750904
     0.782              -0.2730232
     0.783              -0.2709336
     0.784              -0.2688215
     0.785              -0.2666868
     0.786              -0.2645294
     0.787              -0.2623493
     0.788              -0.2601463
     0.789              -0.2579203
     0.790              -0.2556714
     0.791              -0.2533993
     0.792              -0.2511041
     0.793              -0.2487856
     0.794              -0.2464437
     0.795              -0.2440784
     0.796              -0.2416895
     0.797              -0.2392770
     0.798              -0.2368408
     0.799              -0.2343808
     0.800              -0.2318969
     0.801              -0.2293890
     0.802              -0.2268571
     0.803              -0.2243010
     0.804              -0.2217207
     0.805              -0.2191160
     0.806              -0.2164870
     0.807              -0.2138334
     0.808              -0.2111552
     0.809              -0.2084523
     0.810              -0.2057246
     0.811              -0.2029721
     0.812              -0.2001946
     0.813              -0.1973920
     0.814              -0.1945644
     0.815              -0.1917114
     0.816              -0.1888331
     0.817              -0.1859295
     0.818              -0.1830003
     0.819              -0.1800454
     0.820              -0.1770649
     0.821              -0.1740586
     0.822              -0.1710264
     0.823              -0.1679682
     0.824              -0.1648840
     0.825              -0.1617735
     0.826              -0.1586368
     0.827              -0.1554738
     0.828              -0.1522843
     0.829              -0.1490682
     0.830              -0.1458254
     0.831              -0.1425560
     0.832              -0.1392596
     0.833              -0.1359364
     0.834              -0.1325860
     0.835              -0.1292086
     0.836              -0.1258039
     0.837              -0.1223719
     0.838              -0.1189124
     0.839              -0.1154254
     0.840              -0.1119107
     0.841              -0.1083684
     0.842              -0.1047981
     0.843              -0.1012000
     0.844              -0.0975738
     0.845              -0.0939194
     0.846              -0.0902368
     0.847              -0.0865259
     0.848              -0.0827865
     0.849              -0.0790185
     0.850              -0.0752219
     0.851              -0.0713965
     0.852              -0.0675422
     0.853              -0.0636590
     0.854              -0.0597466
     0.855              -0.0558051
     0.856              -0.0518343
     0.857              -0.0478341
     0.858              -0.0438043
     0.859              -0.0397449
     0.860              -0.0356558
     0.861              -0.0315368
     0.862              -0.0273879
     0.863              -0.0232089
     0.864              -0.0189998
     0.865              -0.0147603
     0.866              -0.0104904
     0.867              -0.0061900
     0.868              -0.0018590
     0.869               0.0025028
     0.870               0.0068954
     0.871               0.0113191
     0.872               0.0157738
     0.873               0.0202598
     0.874               0.0247771
     0.875               0.0293258
     0.876               0.0339062
     0.877               0.0385182
     0.878               0.0431621
     0.879               0.0478379
     0.880               0.0525457
     0.881               0.0572858
     0.882               0.0620582
     0.883               0.0668630
     0.884               0.0717005
     0.885               0.0765706
     0.886               0.0814735
     0.887               0.0864095
     0.888               0.0913785
     0.889               0.0963808
     0.890               0.1014164
     0.891               0.1064855
     0.892               0.1115883
     0.893               0.1167248
     0.894               0.1218952
     0.895               0.1270997
     0.896               0.1323385
     0.897               0.1376115
     0.898               0.1429190
     0.899               0.1482612
     0.900               0.1536382
     0.901               0.1590501
     0.902               0.1644970
     0.903               0.1699792
     0.904               0.1754968
     0.905               0.1810500
     0.906               0.1866389
     0.907               0.1922636
     0.908               0.1979244
     0.909               0.2036213
     0.910               0.2093547
     0.911               0.2151246
     0.912               0.2209311
     0.913               0.2267746
     0.914               0.2326552
     0.915               0.2385729
     0.916               0.2445282
     0.917               0.2505210
     0.918               0.2565516
     0.919               0.2626202
     0.920               0.2687271
     0.921               0.2748723
     0.922               0.2810561
     0.923               0.2872787
     0.924               0.2935403
     0.925               0.2998412
     0.926               0.3061816
     0.927               0.3125616
     0.928               0.3189815
     0.929               0.3254416
     0.930               0.3319420
     0.931               0.3384831
     0.932               0.3450651
     0.933               0.3516882
     0.934               0.3583528
     0.935               0.3650590
     0.936               0.3718072
     0.937               0.3785977
     0.938               0.3854307
     0.939               0.3923066
     0.940               0.3992256
     0.941               0.4061882
     0.942               0.4131946
     0.943               0.4202453
     0.944               0.4273404
     0.945               0.4344805
     0.946               0.4416660
     0.947               0.4488971
     0.948               0.4561744
     0.949               0.4634983
     0.950               0.4708692
     0.951               0.4782876
     0.952               0.4857541
     0.953               0.4932690
     0.954               0.5008331
     0.955               0.5084468
     0.956               0.5161108
     0.957               0.5238256
     0.958               0.5315920
     0.959               0.5394107
     0.960               0.5472824
     0.961               0.5552080
     0.962               0.5631882
     0.963               0.5712240
     0.964               0.5793164
     0.965               0.5874663
     0.966               0.5956749
     0.967               0.6039435
     0.968               0.6122732
     0.969               0.6206655
     0.970               0.6291219
     0.971               0.6376441
     0.972               0.6462339
     0.973               0.6548933
     0.974               0.6636244
     0.975               0.6724298
     0.976               0.6813120
     0.977               0.6902742
     0.978               0.6993197
     0.979               0.7084524
     0.980               0.7176765
     0.981               0.7269972
     0.982               0.7364201
     0.983               0.7459520
     0.984               0.7556006
     0.985               0.7653754
     0.986               0.7752873
     0.987               0.7853500
     0.988               0.7955802
     0.989               0.8059987
     0.990               0.8166323
     0.991               0.8275160
     0.992               0.8386968
     0.993               0.8502404
     0.994               0.8622425
     0.995               0.8748503
     0.996               0.8883096
     0.997               0.9030776
     0.998               0.9201741
     0.999               0.9427933
     1.000               1.0000000
