  #N  exact          Simpson        Gauss-Legendre     Filon             eS                eG            eF
****  0.6241501E+00   0.1248300E+01   0.1872450E+01   0.2496600E+01   0.3120750E+01   0.3744900E+01   0.4369050E+01
****  0.6241501E+00   0.1248300E+01   0.1872450E+01   0.2496600E+01   0.3120750E+01   0.3744900E+01   0.4369050E+01
****  0.6241501E+00   0.1248300E+01   0.1872450E+01   0.2496600E+01   0.3120750E+01   0.3744900E+01   0.4369050E+01
****  0.6241501E+00   0.1248300E+01   0.1872450E+01   0.2496600E+01   0.3120750E+01   0.3744900E+01   0.4369050E+01
****  0.6241501E+00   0.1248300E+01   0.1872450E+01   0.2496600E+01   0.3120750E+01   0.3744900E+01   0.4369050E+01
****  0.6241501E+00   0.1248300E+01   0.1872450E+01   0.2496600E+01   0.3120750E+01   0.3744900E+01   0.4369050E+01
****  0.6241501E+00   0.1248300E+01   0.1872450E+01   0.2496600E+01   0.3120750E+01   0.3744900E+01   0.4369050E+01
****  0.6241501E+00   0.1248300E+01   0.1872450E+01   0.2496600E+01   0.3120750E+01   0.3744900E+01   0.4369050E+01
****  0.6241501E+00   0.1248300E+01   0.1872450E+01   0.2496600E+01   0.3120750E+01   0.3744900E+01   0.4369050E+01
****  0.6241501E+00   0.1248300E+01   0.1872450E+01   0.2496600E+01   0.3120750E+01   0.3744900E+01   0.4369050E+01
****  0.6241501E+00   0.1248300E+01   0.1872450E+01   0.2496600E+01   0.3120750E+01   0.3744900E+01   0.4369050E+01
 
  #N  exact          Simpson        Gauss-Legendre     Filon             eS                eG            eF
