 #N                     exact                   Simpson,eS            Gauss-Legendre,eG                     Filon,eG
  1        0.624150050000E+00           0.124830010000E+01           0.187245015000E+01           0.249660020000E+01
                                        0.312075025000E+01           0.374490030000E+01           0.436905035000E+01

  2        0.624150050000E+00           0.124830010000E+01           0.187245015000E+01           0.249660020000E+01
                                        0.312075025000E+01           0.374490030000E+01           0.436905035000E+01

  3        0.624150050000E+00           0.124830010000E+01           0.187245015000E+01           0.249660020000E+01
                                        0.312075025000E+01           0.374490030000E+01           0.436905035000E+01

  4        0.624150050000E+00           0.124830010000E+01           0.187245015000E+01           0.249660020000E+01
                                        0.312075025000E+01           0.374490030000E+01           0.436905035000E+01

  5        0.624150050000E+00           0.124830010000E+01           0.187245015000E+01           0.249660020000E+01
                                        0.312075025000E+01           0.374490030000E+01           0.436905035000E+01

  6        0.624150050000E+00           0.124830010000E+01           0.187245015000E+01           0.249660020000E+01
                                        0.312075025000E+01           0.374490030000E+01           0.436905035000E+01

  7        0.624150050000E+00           0.124830010000E+01           0.187245015000E+01           0.249660020000E+01
                                        0.312075025000E+01           0.374490030000E+01           0.436905035000E+01

  8        0.624150050000E+00           0.124830010000E+01           0.187245015000E+01           0.249660020000E+01
                                        0.312075025000E+01           0.374490030000E+01           0.436905035000E+01

  9        0.624150050000E+00           0.124830010000E+01           0.187245015000E+01           0.249660020000E+01
                                        0.312075025000E+01           0.374490030000E+01           0.436905035000E+01

 10        0.624150050000E+00           0.124830010000E+01           0.187245015000E+01           0.249660020000E+01
                                        0.312075025000E+01           0.374490030000E+01           0.436905035000E+01

