 # potential for l= 2 and q'= 0.5 fm^-1
 
              #q        vl(q,q')
    1.000000E-02   -5.251710E-06
    2.000000E-02   -5.251060E-06
    3.000000E-02   -5.249979E-06
    4.000000E-02   -5.248464E-06
    5.000000E-02   -5.246518E-06
    6.000000E-02   -5.244140E-06
    7.000000E-02   -5.241332E-06
    8.000000E-02   -5.238093E-06
    9.000000E-02   -5.234425E-06
    1.000000E-01   -5.230328E-06
    1.100000E-01   -5.225804E-06
    1.200000E-01   -5.220854E-06
    1.300000E-01   -5.215480E-06
    1.400000E-01   -5.209681E-06
    1.500000E-01   -5.203461E-06
    1.600000E-01   -5.196820E-06
    1.700000E-01   -5.189760E-06
    1.800000E-01   -5.182284E-06
    1.900000E-01   -5.174393E-06
    2.000000E-01   -5.166088E-06
    2.100000E-01   -5.157373E-06
    2.200000E-01   -5.148250E-06
    2.300000E-01   -5.138720E-06
    2.400000E-01   -5.128786E-06
    2.500000E-01   -5.118452E-06
    2.600000E-01   -5.107719E-06
    2.700000E-01   -5.096590E-06
    2.800000E-01   -5.085069E-06
    2.900000E-01   -5.073158E-06
    3.000000E-01   -5.060860E-06
    3.100000E-01   -5.048179E-06
    3.200000E-01   -5.035117E-06
    3.300000E-01   -5.021679E-06
    3.400000E-01   -5.007867E-06
    3.500000E-01   -4.993686E-06
    3.600000E-01   -4.979139E-06
    3.700000E-01   -4.964230E-06
    3.800000E-01   -4.948962E-06
    3.900000E-01   -4.933340E-06
    4.000000E-01   -4.917368E-06
    4.100000E-01   -4.901050E-06
    4.200000E-01   -4.884390E-06
    4.300000E-01   -4.867392E-06
    4.400000E-01   -4.850062E-06
    4.500000E-01   -4.832402E-06
    4.600000E-01   -4.814419E-06
    4.700000E-01   -4.796117E-06
    4.800000E-01   -4.777500E-06
    4.900000E-01   -4.758573E-06
    5.000000E-01   -4.739342E-06
    5.100000E-01   -4.719811E-06
    5.200000E-01   -4.699985E-06
    5.300000E-01   -4.679869E-06
    5.400000E-01   -4.659469E-06
    5.500000E-01   -4.638789E-06
    5.600000E-01   -4.617836E-06
    5.700000E-01   -4.596614E-06
    5.800000E-01   -4.575129E-06
    5.900000E-01   -4.553386E-06
    6.000000E-01   -4.531391E-06
    6.100000E-01   -4.509150E-06
    6.200000E-01   -4.486667E-06
    6.300000E-01   -4.463949E-06
    6.400000E-01   -4.441002E-06
    6.500000E-01   -4.417830E-06
    6.600000E-01   -4.394441E-06
    6.700000E-01   -4.370839E-06
    6.800000E-01   -4.347031E-06
    6.900000E-01   -4.323022E-06
    7.000000E-01   -4.298818E-06
    7.100000E-01   -4.274425E-06
    7.200000E-01   -4.249850E-06
    7.300000E-01   -4.225097E-06
    7.400000E-01   -4.200173E-06
    7.500000E-01   -4.175084E-06
    7.600000E-01   -4.149836E-06
    7.700000E-01   -4.124435E-06
    7.800000E-01   -4.098886E-06
    7.900000E-01   -4.073195E-06
    8.000000E-01   -4.047370E-06
    8.100000E-01   -4.021414E-06
    8.200000E-01   -3.995336E-06
    8.300000E-01   -3.969139E-06
    8.400000E-01   -3.942830E-06
    8.500000E-01   -3.916416E-06
    8.600000E-01   -3.889901E-06
    8.700000E-01   -3.863292E-06
    8.800000E-01   -3.836594E-06
    8.900000E-01   -3.809813E-06
    9.000000E-01   -3.782955E-06
    9.100000E-01   -3.756026E-06
    9.200000E-01   -3.729030E-06
    9.300000E-01   -3.701975E-06
    9.400000E-01   -3.674864E-06
    9.500000E-01   -3.647705E-06
    9.600000E-01   -3.620501E-06
    9.700000E-01   -3.593259E-06
    9.800000E-01   -3.565984E-06
    9.900000E-01   -3.538681E-06
    1.000000E+00   -3.511355E-06
    1.010000E+00   -3.484013E-06
    1.020000E+00   -3.456657E-06
    1.030000E+00   -3.429295E-06
    1.040000E+00   -3.401930E-06
    1.050000E+00   -3.374568E-06
    1.060000E+00   -3.347213E-06
    1.070000E+00   -3.319871E-06
    1.080000E+00   -3.292545E-06
    1.090000E+00   -3.265242E-06
    1.100000E+00   -3.237964E-06
    1.110000E+00   -3.210717E-06
    1.120000E+00   -3.183505E-06
    1.130000E+00   -3.156333E-06
    1.140000E+00   -3.129204E-06
    1.150000E+00   -3.102123E-06
    1.160000E+00   -3.075095E-06
    1.170000E+00   -3.048122E-06
    1.180000E+00   -3.021209E-06
    1.190000E+00   -2.994361E-06
    1.200000E+00   -2.967580E-06
    1.210000E+00   -2.940870E-06
    1.220000E+00   -2.914235E-06
    1.230000E+00   -2.887680E-06
    1.240000E+00   -2.861206E-06
    1.250000E+00   -2.834817E-06
    1.260000E+00   -2.808518E-06
    1.270000E+00   -2.782310E-06
    1.280000E+00   -2.756198E-06
    1.290000E+00   -2.730184E-06
    1.300000E+00   -2.704271E-06
    1.310000E+00   -2.678462E-06
    1.320000E+00   -2.652760E-06
    1.330000E+00   -2.627168E-06
    1.340000E+00   -2.601689E-06
    1.350000E+00   -2.576324E-06
    1.360000E+00   -2.551077E-06
    1.370000E+00   -2.525950E-06
    1.380000E+00   -2.500944E-06
    1.390000E+00   -2.476064E-06
    1.400000E+00   -2.451310E-06
    1.410000E+00   -2.426685E-06
    1.420000E+00   -2.402191E-06
    1.430000E+00   -2.377830E-06
    1.440000E+00   -2.353604E-06
    1.450000E+00   -2.329514E-06
    1.460000E+00   -2.305562E-06
    1.470000E+00   -2.281751E-06
    1.480000E+00   -2.258081E-06
    1.490000E+00   -2.234554E-06
    1.500000E+00   -2.211172E-06
    1.510000E+00   -2.187936E-06
    1.520000E+00   -2.164847E-06
    1.530000E+00   -2.141907E-06
    1.540000E+00   -2.119117E-06
    1.550000E+00   -2.096478E-06
    1.560000E+00   -2.073991E-06
    1.570000E+00   -2.051656E-06
    1.580000E+00   -2.029476E-06
    1.590000E+00   -2.007451E-06
    1.600000E+00   -1.985582E-06
    1.610000E+00   -1.963869E-06
    1.620000E+00   -1.942313E-06
    1.630000E+00   -1.920915E-06
    1.640000E+00   -1.899676E-06
    1.650000E+00   -1.878596E-06
    1.660000E+00   -1.857675E-06
    1.670000E+00   -1.836915E-06
    1.680000E+00   -1.816315E-06
    1.690000E+00   -1.795875E-06
    1.700000E+00   -1.775597E-06
    1.710000E+00   -1.755480E-06
    1.720000E+00   -1.735525E-06
    1.730000E+00   -1.715731E-06
    1.740000E+00   -1.696099E-06
    1.750000E+00   -1.676629E-06
    1.760000E+00   -1.657321E-06
    1.770000E+00   -1.638175E-06
    1.780000E+00   -1.619191E-06
    1.790000E+00   -1.600368E-06
    1.800000E+00   -1.581707E-06
    1.810000E+00   -1.563208E-06
    1.820000E+00   -1.544870E-06
    1.830000E+00   -1.526693E-06
    1.840000E+00   -1.508677E-06
    1.850000E+00   -1.490822E-06
    1.860000E+00   -1.473127E-06
    1.870000E+00   -1.455591E-06
    1.880000E+00   -1.438215E-06
    1.890000E+00   -1.420998E-06
    1.900000E+00   -1.403940E-06
    1.910000E+00   -1.387040E-06
    1.920000E+00   -1.370297E-06
    1.930000E+00   -1.353712E-06
    1.940000E+00   -1.337283E-06
    1.950000E+00   -1.321009E-06
    1.960000E+00   -1.304892E-06
    1.970000E+00   -1.288929E-06
    1.980000E+00   -1.273120E-06
    1.990000E+00   -1.257464E-06
    2.000000E+00   -1.241962E-06
    2.010000E+00   -1.226611E-06
    2.020000E+00   -1.211412E-06
    2.030000E+00   -1.196363E-06
    2.040000E+00   -1.181464E-06
    2.050000E+00   -1.166714E-06
    2.060000E+00   -1.152112E-06
    2.070000E+00   -1.137658E-06
    2.080000E+00   -1.123351E-06
    2.090000E+00   -1.109189E-06
    2.100000E+00   -1.095172E-06
    2.110000E+00   -1.081299E-06
    2.120000E+00   -1.067570E-06
    2.130000E+00   -1.053983E-06
    2.140000E+00   -1.040537E-06
    2.150000E+00   -1.027232E-06
    2.160000E+00   -1.014067E-06
    2.170000E+00   -1.001040E-06
    2.180000E+00   -9.881514E-07
    2.190000E+00   -9.753994E-07
    2.200000E+00   -9.627833E-07
    2.210000E+00   -9.503023E-07
    2.220000E+00   -9.379552E-07
    2.230000E+00   -9.257412E-07
    2.240000E+00   -9.136593E-07
    2.250000E+00   -9.017085E-07
    2.260000E+00   -8.898879E-07
    2.270000E+00   -8.781964E-07
    2.280000E+00   -8.666331E-07
    2.290000E+00   -8.551970E-07
    2.300000E+00   -8.438870E-07
    2.310000E+00   -8.327023E-07
    2.320000E+00   -8.216417E-07
    2.330000E+00   -8.107044E-07
    2.340000E+00   -7.998892E-07
    2.350000E+00   -7.891953E-07
    2.360000E+00   -7.786215E-07
    2.370000E+00   -7.681669E-07
    2.380000E+00   -7.578305E-07
    2.390000E+00   -7.476113E-07
    2.400000E+00   -7.375083E-07
    2.410000E+00   -7.275204E-07
    2.420000E+00   -7.176467E-07
    2.430000E+00   -7.078862E-07
    2.440000E+00   -6.982378E-07
    2.450000E+00   -6.887006E-07
    2.460000E+00   -6.792736E-07
    2.470000E+00   -6.699557E-07
    2.480000E+00   -6.607461E-07
    2.490000E+00   -6.516436E-07
    2.500000E+00   -6.426473E-07
    2.510000E+00   -6.337563E-07
    2.520000E+00   -6.249694E-07
    2.530000E+00   -6.162859E-07
    2.540000E+00   -6.077046E-07
    2.550000E+00   -5.992246E-07
    2.560000E+00   -5.908450E-07
    2.570000E+00   -5.825648E-07
    2.580000E+00   -5.743829E-07
    2.590000E+00   -5.662986E-07
    2.600000E+00   -5.583107E-07
    2.610000E+00   -5.504184E-07
    2.620000E+00   -5.426208E-07
    2.630000E+00   -5.349168E-07
    2.640000E+00   -5.273055E-07
    2.650000E+00   -5.197861E-07
    2.660000E+00   -5.123576E-07
    2.670000E+00   -5.050191E-07
    2.680000E+00   -4.977696E-07
    2.690000E+00   -4.906083E-07
    2.700000E+00   -4.835343E-07
    2.710000E+00   -4.765466E-07
    2.720000E+00   -4.696443E-07
    2.730000E+00   -4.628267E-07
    2.740000E+00   -4.560928E-07
    2.750000E+00   -4.494417E-07
    2.760000E+00   -4.428725E-07
    2.770000E+00   -4.363845E-07
    2.780000E+00   -4.299767E-07
    2.790000E+00   -4.236483E-07
    2.800000E+00   -4.173984E-07
    2.810000E+00   -4.112262E-07
    2.820000E+00   -4.051310E-07
    2.830000E+00   -3.991117E-07
    2.840000E+00   -3.931677E-07
    2.850000E+00   -3.872982E-07
    2.860000E+00   -3.815022E-07
    2.870000E+00   -3.757790E-07
    2.880000E+00   -3.701279E-07
    2.890000E+00   -3.645479E-07
    2.900000E+00   -3.590384E-07
    2.910000E+00   -3.535986E-07
    2.920000E+00   -3.482277E-07
    2.930000E+00   -3.429249E-07
    2.940000E+00   -3.376894E-07
    2.950000E+00   -3.325206E-07
    2.960000E+00   -3.274177E-07
    2.970000E+00   -3.223799E-07
    2.980000E+00   -3.174065E-07
    2.990000E+00   -3.124968E-07
    3.000000E+00   -3.076501E-07
    3.010000E+00   -3.028656E-07
    3.020000E+00   -2.981427E-07
    3.030000E+00   -2.934806E-07
    3.040000E+00   -2.888786E-07
    3.050000E+00   -2.843362E-07
    3.060000E+00   -2.798525E-07
    3.070000E+00   -2.754269E-07
    3.080000E+00   -2.710587E-07
    3.090000E+00   -2.667474E-07
    3.100000E+00   -2.624921E-07
    3.110000E+00   -2.582923E-07
    3.120000E+00   -2.541474E-07
    3.130000E+00   -2.500566E-07
    3.140000E+00   -2.460194E-07
    3.150000E+00   -2.420351E-07
    3.160000E+00   -2.381032E-07
    3.170000E+00   -2.342229E-07
    3.180000E+00   -2.303938E-07
    3.190000E+00   -2.266151E-07
    3.200000E+00   -2.228863E-07
    3.210000E+00   -2.192069E-07
    3.220000E+00   -2.155761E-07
    3.230000E+00   -2.119935E-07
    3.240000E+00   -2.084585E-07
    3.250000E+00   -2.049705E-07
    3.260000E+00   -2.015289E-07
    3.270000E+00   -1.981332E-07
    3.280000E+00   -1.947829E-07
    3.290000E+00   -1.914774E-07
    3.300000E+00   -1.882161E-07
    3.310000E+00   -1.849986E-07
    3.320000E+00   -1.818242E-07
    3.330000E+00   -1.786926E-07
    3.340000E+00   -1.756031E-07
    3.350000E+00   -1.725553E-07
    3.360000E+00   -1.695486E-07
    3.370000E+00   -1.665826E-07
    3.380000E+00   -1.636568E-07
    3.390000E+00   -1.607706E-07
    3.400000E+00   -1.579236E-07
    3.410000E+00   -1.551153E-07
    3.420000E+00   -1.523453E-07
    3.430000E+00   -1.496130E-07
    3.440000E+00   -1.469181E-07
    3.450000E+00   -1.442600E-07
    3.460000E+00   -1.416383E-07
    3.470000E+00   -1.390525E-07
    3.480000E+00   -1.365022E-07
    3.490000E+00   -1.339871E-07
    3.500000E+00   -1.315065E-07
    3.510000E+00   -1.290602E-07
    3.520000E+00   -1.266476E-07
    3.530000E+00   -1.242684E-07
    3.540000E+00   -1.219222E-07
    3.550000E+00   -1.196084E-07
    3.560000E+00   -1.173269E-07
    3.570000E+00   -1.150770E-07
    3.580000E+00   -1.128585E-07
    3.590000E+00   -1.106710E-07
    3.600000E+00   -1.085140E-07
    3.610000E+00   -1.063872E-07
    3.620000E+00   -1.042902E-07
    3.630000E+00   -1.022226E-07
    3.640000E+00   -1.001840E-07
    3.650000E+00   -9.817420E-08
    3.660000E+00   -9.619268E-08
    3.670000E+00   -9.423914E-08
    3.680000E+00   -9.231321E-08
    3.690000E+00   -9.041456E-08
    3.700000E+00   -8.854283E-08
    3.710000E+00   -8.669768E-08
    3.720000E+00   -8.487878E-08
    3.730000E+00   -8.308580E-08
    3.740000E+00   -8.131839E-08
    3.750000E+00   -7.957625E-08
    3.760000E+00   -7.785905E-08
    3.770000E+00   -7.616646E-08
    3.780000E+00   -7.449818E-08
    3.790000E+00   -7.285390E-08
    3.800000E+00   -7.123330E-08
    3.810000E+00   -6.963609E-08
    3.820000E+00   -6.806197E-08
    3.830000E+00   -6.651064E-08
    3.840000E+00   -6.498180E-08
    3.850000E+00   -6.347517E-08
    3.860000E+00   -6.199047E-08
    3.870000E+00   -6.052741E-08
    3.880000E+00   -5.908570E-08
    3.890000E+00   -5.766509E-08
    3.900000E+00   -5.626529E-08
    3.910000E+00   -5.488603E-08
    3.920000E+00   -5.352705E-08
    3.930000E+00   -5.218810E-08
    3.940000E+00   -5.086889E-08
    3.950000E+00   -4.956919E-08
    3.960000E+00   -4.828874E-08
    3.970000E+00   -4.702728E-08
    3.980000E+00   -4.578458E-08
    3.990000E+00   -4.456038E-08
    4.000000E+00   -4.335445E-08
    4.010000E+00   -4.216655E-08
    4.020000E+00   -4.099643E-08
    4.030000E+00   -3.984388E-08
    4.040000E+00   -3.870865E-08
    4.050000E+00   -3.759053E-08
    4.060000E+00   -3.648929E-08
    4.070000E+00   -3.540470E-08
    4.080000E+00   -3.433656E-08
    4.090000E+00   -3.328463E-08
    4.100000E+00   -3.224871E-08
    4.110000E+00   -3.122860E-08
    4.120000E+00   -3.022407E-08
    4.130000E+00   -2.923492E-08
    4.140000E+00   -2.826096E-08
    4.150000E+00   -2.730198E-08
    4.160000E+00   -2.635778E-08
    4.170000E+00   -2.542817E-08
    4.180000E+00   -2.451295E-08
    4.190000E+00   -2.361194E-08
    4.200000E+00   -2.272494E-08
    4.210000E+00   -2.185176E-08
    4.220000E+00   -2.099224E-08
    4.230000E+00   -2.014617E-08
    4.240000E+00   -1.931339E-08
    4.250000E+00   -1.849371E-08
    4.260000E+00   -1.768696E-08
    4.270000E+00   -1.689298E-08
    4.280000E+00   -1.611158E-08
    4.290000E+00   -1.534260E-08
    4.300000E+00   -1.458587E-08
    4.310000E+00   -1.384124E-08
    4.320000E+00   -1.310852E-08
    4.330000E+00   -1.238758E-08
    4.340000E+00   -1.167824E-08
    4.350000E+00   -1.098036E-08
    4.360000E+00   -1.029377E-08
    4.370000E+00   -9.618329E-09
    4.380000E+00   -8.953882E-09
    4.390000E+00   -8.300281E-09
    4.400000E+00   -7.657380E-09
    4.410000E+00   -7.025035E-09
    4.420000E+00   -6.403101E-09
    4.430000E+00   -5.791438E-09
    4.440000E+00   -5.189906E-09
    4.450000E+00   -4.598368E-09
    4.460000E+00   -4.016688E-09
    4.470000E+00   -3.444731E-09
    4.480000E+00   -2.882366E-09
    4.490000E+00   -2.329461E-09
    4.500000E+00   -1.785887E-09
    4.510000E+00   -1.251517E-09
    4.520000E+00   -7.262247E-10
    4.530000E+00   -2.098860E-10
    4.540000E+00    2.976219E-10
    4.550000E+00    7.964202E-10
    4.560000E+00    1.286628E-09
    4.570000E+00    1.768365E-09
    4.580000E+00    2.241746E-09
    4.590000E+00    2.706886E-09
    4.600000E+00    3.163901E-09
    4.610000E+00    3.612900E-09
    4.620000E+00    4.053996E-09
    4.630000E+00    4.487298E-09
    4.640000E+00    4.912913E-09
    4.650000E+00    5.330948E-09
    4.660000E+00    5.741508E-09
    4.670000E+00    6.144698E-09
    4.680000E+00    6.540619E-09
    4.690000E+00    6.929373E-09
    4.700000E+00    7.311060E-09
    4.710000E+00    7.685778E-09
    4.720000E+00    8.053625E-09
    4.730000E+00    8.414697E-09
    4.740000E+00    8.769088E-09
    4.750000E+00    9.116892E-09
    4.760000E+00    9.458202E-09
    4.770000E+00    9.793109E-09
    4.780000E+00    1.012170E-08
    4.790000E+00    1.044407E-08
    4.800000E+00    1.076031E-08
    4.810000E+00    1.107049E-08
    4.820000E+00    1.137471E-08
    4.830000E+00    1.167305E-08
    4.840000E+00    1.196559E-08
    4.850000E+00    1.225242E-08
    4.860000E+00    1.253361E-08
    4.870000E+00    1.280925E-08
    4.880000E+00    1.307942E-08
    4.890000E+00    1.334419E-08
    4.900000E+00    1.360364E-08
    4.910000E+00    1.385785E-08
    4.920000E+00    1.410689E-08
    4.930000E+00    1.435084E-08
    4.940000E+00    1.458976E-08
    4.950000E+00    1.482374E-08
    4.960000E+00    1.505284E-08
    4.970000E+00    1.527713E-08
    4.980000E+00    1.549668E-08
    4.990000E+00    1.571157E-08
    5.000000E+00    1.592185E-08
    5.010000E+00    1.612759E-08
    5.020000E+00    1.632887E-08
    5.030000E+00    1.652574E-08
    5.040000E+00    1.671827E-08
    5.050000E+00    1.690652E-08
    5.060000E+00    1.709056E-08
    5.070000E+00    1.727044E-08
    5.080000E+00    1.744623E-08
    5.090000E+00    1.761799E-08
    5.100000E+00    1.778577E-08
    5.110000E+00    1.794964E-08
    5.120000E+00    1.810965E-08
    5.130000E+00    1.826586E-08
    5.140000E+00    1.841833E-08
    5.150000E+00    1.856710E-08
    5.160000E+00    1.871224E-08
    5.170000E+00    1.885380E-08
    5.180000E+00    1.899184E-08
    5.190000E+00    1.912640E-08
    5.200000E+00    1.925753E-08
    5.210000E+00    1.938529E-08
    5.220000E+00    1.950973E-08
    5.230000E+00    1.963090E-08
    5.240000E+00    1.974885E-08
    5.250000E+00    1.986362E-08
    5.260000E+00    1.997527E-08
    5.270000E+00    2.008384E-08
    5.280000E+00    2.018937E-08
    5.290000E+00    2.029192E-08
    5.300000E+00    2.039152E-08
    5.310000E+00    2.048823E-08
    5.320000E+00    2.058209E-08
    5.330000E+00    2.067314E-08
    5.340000E+00    2.076142E-08
    5.350000E+00    2.084697E-08
    5.360000E+00    2.092985E-08
    5.370000E+00    2.101009E-08
    5.380000E+00    2.108772E-08
    5.390000E+00    2.116280E-08
    5.400000E+00    2.123535E-08
    5.410000E+00    2.130543E-08
    5.420000E+00    2.137306E-08
    5.430000E+00    2.143829E-08
    5.440000E+00    2.150115E-08
    5.450000E+00    2.156168E-08
    5.460000E+00    2.161992E-08
    5.470000E+00    2.167590E-08
    5.480000E+00    2.172966E-08
    5.490000E+00    2.178123E-08
    5.500000E+00    2.183065E-08
    5.510000E+00    2.187795E-08
    5.520000E+00    2.192317E-08
    5.530000E+00    2.196634E-08
    5.540000E+00    2.200749E-08
    5.550000E+00    2.204665E-08
    5.560000E+00    2.208386E-08
    5.570000E+00    2.211915E-08
    5.580000E+00    2.215254E-08
    5.590000E+00    2.218408E-08
    5.600000E+00    2.221378E-08
    5.610000E+00    2.224168E-08
    5.620000E+00    2.226781E-08
    5.630000E+00    2.229220E-08
    5.640000E+00    2.231488E-08
    5.650000E+00    2.233587E-08
    5.660000E+00    2.235520E-08
    5.670000E+00    2.237290E-08
    5.680000E+00    2.238899E-08
    5.690000E+00    2.240351E-08
    5.700000E+00    2.241648E-08
    5.710000E+00    2.242793E-08
    5.720000E+00    2.243787E-08
    5.730000E+00    2.244635E-08
    5.740000E+00    2.245337E-08
    5.750000E+00    2.245897E-08
    5.760000E+00    2.246317E-08
    5.770000E+00    2.246599E-08
    5.780000E+00    2.246746E-08
    5.790000E+00    2.246760E-08
    5.800000E+00    2.246644E-08
    5.810000E+00    2.246399E-08
    5.820000E+00    2.246027E-08
    5.830000E+00    2.245532E-08
    5.840000E+00    2.244915E-08
    5.850000E+00    2.244179E-08
    5.860000E+00    2.243325E-08
    5.870000E+00    2.242355E-08
    5.880000E+00    2.241272E-08
    5.890000E+00    2.240078E-08
    5.900000E+00    2.238774E-08
    5.910000E+00    2.237363E-08
    5.920000E+00    2.235846E-08
    5.930000E+00    2.234225E-08
    5.940000E+00    2.232503E-08
    5.950000E+00    2.230681E-08
    5.960000E+00    2.228761E-08
    5.970000E+00    2.226745E-08
    5.980000E+00    2.224634E-08
    5.990000E+00    2.222431E-08
    6.000000E+00    2.220136E-08
    6.010000E+00    2.217752E-08
    6.020000E+00    2.215281E-08
    6.030000E+00    2.212724E-08
    6.040000E+00    2.210082E-08
    6.050000E+00    2.207358E-08
    6.060000E+00    2.204553E-08
    6.070000E+00    2.201668E-08
    6.080000E+00    2.198705E-08
    6.090000E+00    2.195666E-08
    6.100000E+00    2.192552E-08
    6.110000E+00    2.189364E-08
    6.120000E+00    2.186104E-08
    6.130000E+00    2.182774E-08
    6.140000E+00    2.179374E-08
    6.150000E+00    2.175907E-08
    6.160000E+00    2.172373E-08
    6.170000E+00    2.168774E-08
    6.180000E+00    2.165112E-08
    6.190000E+00    2.161387E-08
    6.200000E+00    2.157601E-08
    6.210000E+00    2.153755E-08
    6.220000E+00    2.149851E-08
    6.230000E+00    2.145889E-08
    6.240000E+00    2.141871E-08
    6.250000E+00    2.137799E-08
    6.260000E+00    2.133672E-08
    6.270000E+00    2.129493E-08
    6.280000E+00    2.125263E-08
    6.290000E+00    2.120982E-08
    6.300000E+00    2.116653E-08
    6.310000E+00    2.112275E-08
    6.320000E+00    2.107850E-08
    6.330000E+00    2.103380E-08
    6.340000E+00    2.098864E-08
    6.350000E+00    2.094305E-08
    6.360000E+00    2.089704E-08
    6.370000E+00    2.085060E-08
    6.380000E+00    2.080376E-08
    6.390000E+00    2.075652E-08
    6.400000E+00    2.070889E-08
    6.410000E+00    2.066089E-08
    6.420000E+00    2.061251E-08
    6.430000E+00    2.056378E-08
    6.440000E+00    2.051470E-08
    6.450000E+00    2.046527E-08
    6.460000E+00    2.041551E-08
    6.470000E+00    2.036543E-08
    6.480000E+00    2.031503E-08
    6.490000E+00    2.026433E-08
    6.500000E+00    2.021332E-08
    6.510000E+00    2.016203E-08
    6.520000E+00    2.011045E-08
    6.530000E+00    2.005860E-08
    6.540000E+00    2.000649E-08
    6.550000E+00    1.995411E-08
    6.560000E+00    1.990148E-08
    6.570000E+00    1.984861E-08
    6.580000E+00    1.979550E-08
    6.590000E+00    1.974216E-08
    6.600000E+00    1.968860E-08
    6.610000E+00    1.963483E-08
    6.620000E+00    1.958085E-08
    6.630000E+00    1.952666E-08
    6.640000E+00    1.947228E-08
    6.650000E+00    1.941771E-08
    6.660000E+00    1.936296E-08
    6.670000E+00    1.930804E-08
    6.680000E+00    1.925295E-08
    6.690000E+00    1.919769E-08
    6.700000E+00    1.914228E-08
    6.710000E+00    1.908671E-08
    6.720000E+00    1.903100E-08
    6.730000E+00    1.897516E-08
    6.740000E+00    1.891918E-08
    6.750000E+00    1.886307E-08
    6.760000E+00    1.880684E-08
    6.770000E+00    1.875049E-08
    6.780000E+00    1.869403E-08
    6.790000E+00    1.863747E-08
    6.800000E+00    1.858080E-08
    6.810000E+00    1.852404E-08
    6.820000E+00    1.846719E-08
    6.830000E+00    1.841025E-08
    6.840000E+00    1.835323E-08
    6.850000E+00    1.829614E-08
    6.860000E+00    1.823897E-08
    6.870000E+00    1.818174E-08
    6.880000E+00    1.812445E-08
    6.890000E+00    1.806709E-08
    6.900000E+00    1.800969E-08
    6.910000E+00    1.795223E-08
    6.920000E+00    1.789473E-08
    6.930000E+00    1.783719E-08
    6.940000E+00    1.777962E-08
    6.950000E+00    1.772201E-08
    6.960000E+00    1.766437E-08
    6.970000E+00    1.760671E-08
    6.980000E+00    1.754903E-08
    6.990000E+00    1.749133E-08
    7.000000E+00    1.743362E-08
    7.010000E+00    1.737590E-08
    7.020000E+00    1.731817E-08
    7.030000E+00    1.726044E-08
    7.040000E+00    1.720271E-08
    7.050000E+00    1.714499E-08
    7.060000E+00    1.708727E-08
    7.070000E+00    1.702957E-08
    7.080000E+00    1.697188E-08
    7.090000E+00    1.691421E-08
    7.100000E+00    1.685655E-08
    7.110000E+00    1.679893E-08
    7.120000E+00    1.674133E-08
    7.130000E+00    1.668375E-08
    7.140000E+00    1.662622E-08
    7.150000E+00    1.656871E-08
    7.160000E+00    1.651125E-08
    7.170000E+00    1.645383E-08
    7.180000E+00    1.639645E-08
    7.190000E+00    1.633911E-08
    7.200000E+00    1.628183E-08
    7.210000E+00    1.622460E-08
    7.220000E+00    1.616742E-08
    7.230000E+00    1.611030E-08
    7.240000E+00    1.605323E-08
    7.250000E+00    1.599623E-08
    7.260000E+00    1.593930E-08
    7.270000E+00    1.588243E-08
    7.280000E+00    1.582562E-08
    7.290000E+00    1.576889E-08
    7.300000E+00    1.571223E-08
    7.310000E+00    1.565564E-08
    7.320000E+00    1.559914E-08
    7.330000E+00    1.554271E-08
    7.340000E+00    1.548636E-08
    7.350000E+00    1.543009E-08
    7.360000E+00    1.537391E-08
    7.370000E+00    1.531782E-08
    7.380000E+00    1.526181E-08
    7.390000E+00    1.520589E-08
    7.400000E+00    1.515007E-08
    7.410000E+00    1.509434E-08
    7.420000E+00    1.503870E-08
    7.430000E+00    1.498316E-08
    7.440000E+00    1.492772E-08
    7.450000E+00    1.487239E-08
    7.460000E+00    1.481715E-08
    7.470000E+00    1.476201E-08
    7.480000E+00    1.470698E-08
    7.490000E+00    1.465206E-08
    7.500000E+00    1.459725E-08
    7.510000E+00    1.454254E-08
    7.520000E+00    1.448794E-08
    7.530000E+00    1.443346E-08
    7.540000E+00    1.437909E-08
    7.550000E+00    1.432483E-08
    7.560000E+00    1.427069E-08
    7.570000E+00    1.421667E-08
    7.580000E+00    1.416276E-08
    7.590000E+00    1.410897E-08
    7.600000E+00    1.405531E-08
    7.610000E+00    1.400176E-08
    7.620000E+00    1.394834E-08
    7.630000E+00    1.389504E-08
    7.640000E+00    1.384187E-08
    7.650000E+00    1.378882E-08
    7.660000E+00    1.373589E-08
    7.670000E+00    1.368310E-08
    7.680000E+00    1.363043E-08
    7.690000E+00    1.357790E-08
    7.700000E+00    1.352549E-08
    7.710000E+00    1.347321E-08
    7.720000E+00    1.342107E-08
    7.730000E+00    1.336906E-08
    7.740000E+00    1.331718E-08
    7.750000E+00    1.326544E-08
    7.760000E+00    1.321383E-08
    7.770000E+00    1.316236E-08
    7.780000E+00    1.311102E-08
    7.790000E+00    1.305982E-08
    7.800000E+00    1.300876E-08
    7.810000E+00    1.295784E-08
    7.820000E+00    1.290706E-08
    7.830000E+00    1.285641E-08
    7.840000E+00    1.280591E-08
    7.850000E+00    1.275555E-08
    7.860000E+00    1.270532E-08
    7.870000E+00    1.265525E-08
    7.880000E+00    1.260531E-08
    7.890000E+00    1.255552E-08
    7.900000E+00    1.250587E-08
    7.910000E+00    1.245636E-08
    7.920000E+00    1.240700E-08
    7.930000E+00    1.235778E-08
    7.940000E+00    1.230871E-08
    7.950000E+00    1.225978E-08
    7.960000E+00    1.221100E-08
    7.970000E+00    1.216237E-08
    7.980000E+00    1.211388E-08
    7.990000E+00    1.206554E-08
    8.000000E+00    1.201735E-08
    8.010000E+00    1.196931E-08
    8.020000E+00    1.192141E-08
    8.030000E+00    1.187366E-08
    8.040000E+00    1.182606E-08
    8.050000E+00    1.177861E-08
    8.060000E+00    1.173131E-08
    8.070000E+00    1.168415E-08
    8.080000E+00    1.163715E-08
    8.090000E+00    1.159030E-08
    8.100000E+00    1.154359E-08
    8.110000E+00    1.149704E-08
    8.120000E+00    1.145063E-08
    8.130000E+00    1.140438E-08
    8.140000E+00    1.135828E-08
    8.150000E+00    1.131233E-08
    8.160000E+00    1.126652E-08
    8.170000E+00    1.122087E-08
    8.180000E+00    1.117537E-08
    8.190000E+00    1.113002E-08
    8.200000E+00    1.108483E-08
    8.210000E+00    1.103978E-08
    8.220000E+00    1.099488E-08
    8.230000E+00    1.095014E-08
    8.240000E+00    1.090555E-08
    8.250000E+00    1.086111E-08
    8.260000E+00    1.081682E-08
    8.270000E+00    1.077268E-08
    8.280000E+00    1.072869E-08
    8.290000E+00    1.068485E-08
    8.300000E+00    1.064117E-08
    8.310000E+00    1.059763E-08
    8.320000E+00    1.055425E-08
    8.330000E+00    1.051102E-08
    8.340000E+00    1.046794E-08
    8.350000E+00    1.042501E-08
    8.360000E+00    1.038223E-08
    8.370000E+00    1.033960E-08
    8.380000E+00    1.029712E-08
    8.390000E+00    1.025480E-08
    8.400000E+00    1.021262E-08
    8.410000E+00    1.017060E-08
    8.420000E+00    1.012872E-08
    8.430000E+00    1.008700E-08
    8.440000E+00    1.004542E-08
    8.450000E+00    1.000400E-08
    8.460000E+00    9.962723E-09
    8.470000E+00    9.921598E-09
    8.480000E+00    9.880622E-09
    8.490000E+00    9.839795E-09
    8.500000E+00    9.799118E-09
    8.510000E+00    9.758590E-09
    8.520000E+00    9.718210E-09
    8.530000E+00    9.677979E-09
    8.540000E+00    9.637897E-09
    8.550000E+00    9.597962E-09
    8.560000E+00    9.558176E-09
    8.570000E+00    9.518537E-09
    8.580000E+00    9.479046E-09
    8.590000E+00    9.439703E-09
    8.600000E+00    9.400506E-09
    8.610000E+00    9.361456E-09
    8.620000E+00    9.322553E-09
    8.630000E+00    9.283797E-09
    8.640000E+00    9.245186E-09
    8.650000E+00    9.206722E-09
    8.660000E+00    9.168403E-09
    8.670000E+00    9.130230E-09
    8.680000E+00    9.092201E-09
    8.690000E+00    9.054318E-09
    8.700000E+00    9.016579E-09
    8.710000E+00    8.978984E-09
    8.720000E+00    8.941534E-09
    8.730000E+00    8.904227E-09
    8.740000E+00    8.867064E-09
    8.750000E+00    8.830043E-09
    8.760000E+00    8.793166E-09
    8.770000E+00    8.756431E-09
    8.780000E+00    8.719839E-09
    8.790000E+00    8.683388E-09
    8.800000E+00    8.647080E-09
    8.810000E+00    8.610912E-09
    8.820000E+00    8.574886E-09
    8.830000E+00    8.539000E-09
    8.840000E+00    8.503254E-09
    8.850000E+00    8.467649E-09
    8.860000E+00    8.432184E-09
    8.870000E+00    8.396857E-09
    8.880000E+00    8.361670E-09
    8.890000E+00    8.326622E-09
    8.900000E+00    8.291712E-09
    8.910000E+00    8.256940E-09
    8.920000E+00    8.222306E-09
    8.930000E+00    8.187809E-09
    8.940000E+00    8.153449E-09
    8.950000E+00    8.119226E-09
    8.960000E+00    8.085139E-09
    8.970000E+00    8.051188E-09
    8.980000E+00    8.017373E-09
    8.990000E+00    7.983693E-09
    9.000000E+00    7.950148E-09
    9.010000E+00    7.916737E-09
    9.020000E+00    7.883461E-09
    9.030000E+00    7.850318E-09
    9.040000E+00    7.817309E-09
    9.050000E+00    7.784432E-09
    9.060000E+00    7.751689E-09
    9.070000E+00    7.719078E-09
    9.080000E+00    7.686598E-09
    9.090000E+00    7.654251E-09
    9.100000E+00    7.622034E-09
    9.110000E+00    7.589948E-09
    9.120000E+00    7.557993E-09
    9.130000E+00    7.526168E-09
    9.140000E+00    7.494472E-09
    9.150000E+00    7.462906E-09
    9.160000E+00    7.431468E-09
    9.170000E+00    7.400159E-09
    9.180000E+00    7.368979E-09
    9.190000E+00    7.337925E-09
    9.200000E+00    7.307000E-09
    9.210000E+00    7.276201E-09
    9.220000E+00    7.245529E-09
    9.230000E+00    7.214983E-09
    9.240000E+00    7.184562E-09
    9.250000E+00    7.154267E-09
    9.260000E+00    7.124097E-09
    9.270000E+00    7.094052E-09
    9.280000E+00    7.064131E-09
    9.290000E+00    7.034333E-09
    9.300000E+00    7.004659E-09
    9.310000E+00    6.975108E-09
    9.320000E+00    6.945680E-09
    9.330000E+00    6.916374E-09
    9.340000E+00    6.887189E-09
    9.350000E+00    6.858126E-09
    9.360000E+00    6.829184E-09
    9.370000E+00    6.800363E-09
    9.380000E+00    6.771662E-09
    9.390000E+00    6.743080E-09
    9.400000E+00    6.714618E-09
    9.410000E+00    6.686275E-09
    9.420000E+00    6.658051E-09
    9.430000E+00    6.629945E-09
    9.440000E+00    6.601956E-09
    9.450000E+00    6.574085E-09
    9.460000E+00    6.546331E-09
    9.470000E+00    6.518694E-09
    9.480000E+00    6.491172E-09
    9.490000E+00    6.463767E-09
    9.500000E+00    6.436477E-09
    9.510000E+00    6.409302E-09
    9.520000E+00    6.382241E-09
    9.530000E+00    6.355295E-09
    9.540000E+00    6.328462E-09
    9.550000E+00    6.301743E-09
    9.560000E+00    6.275136E-09
    9.570000E+00    6.248642E-09
    9.580000E+00    6.222261E-09
    9.590000E+00    6.195991E-09
    9.600000E+00    6.169832E-09
    9.610000E+00    6.143785E-09
    9.620000E+00    6.117848E-09
    9.630000E+00    6.092021E-09
    9.640000E+00    6.066303E-09
    9.650000E+00    6.040696E-09
    9.660000E+00    6.015197E-09
    9.670000E+00    5.989806E-09
    9.680000E+00    5.964524E-09
    9.690000E+00    5.939350E-09
    9.700000E+00    5.914283E-09
    9.710000E+00    5.889322E-09
    9.720000E+00    5.864469E-09
    9.730000E+00    5.839721E-09
    9.740000E+00    5.815080E-09
    9.750000E+00    5.790543E-09
    9.760000E+00    5.766112E-09
    9.770000E+00    5.741785E-09
    9.780000E+00    5.717562E-09
    9.790000E+00    5.693443E-09
    9.800000E+00    5.669428E-09
    9.810000E+00    5.645516E-09
    9.820000E+00    5.621706E-09
    9.830000E+00    5.597998E-09
    9.840000E+00    5.574392E-09
    9.850000E+00    5.550888E-09
    9.860000E+00    5.527484E-09
    9.870000E+00    5.504182E-09
    9.880000E+00    5.480979E-09
    9.890000E+00    5.457877E-09
    9.900000E+00    5.434873E-09
    9.910000E+00    5.411969E-09
    9.920000E+00    5.389164E-09
    9.930000E+00    5.366457E-09
    9.940000E+00    5.343848E-09
    9.950000E+00    5.321337E-09
    9.960000E+00    5.298922E-09
    9.970000E+00    5.276605E-09
    9.980000E+00    5.254384E-09
    9.990000E+00    5.232259E-09
    1.000000E+01    5.210230E-09
    1.001000E+01    5.188296E-09
    1.002000E+01    5.166456E-09
    1.003000E+01    5.144712E-09
    1.004000E+01    5.123061E-09
    1.005000E+01    5.101504E-09
    1.006000E+01    5.080041E-09
    1.007000E+01    5.058671E-09
    1.008000E+01    5.037393E-09
    1.009000E+01    5.016208E-09
    1.010000E+01    4.995114E-09
    1.011000E+01    4.974112E-09
    1.012000E+01    4.953202E-09
    1.013000E+01    4.932382E-09
    1.014000E+01    4.911652E-09
    1.015000E+01    4.891013E-09
    1.016000E+01    4.870463E-09
    1.017000E+01    4.850003E-09
    1.018000E+01    4.829631E-09
    1.019000E+01    4.809348E-09
    1.020000E+01    4.789154E-09
    1.021000E+01    4.769047E-09
    1.022000E+01    4.749028E-09
    1.023000E+01    4.729096E-09
    1.024000E+01    4.709251E-09
    1.025000E+01    4.689492E-09
    1.026000E+01    4.669819E-09
    1.027000E+01    4.650233E-09
    1.028000E+01    4.630731E-09
    1.029000E+01    4.611315E-09
    1.030000E+01    4.591983E-09
    1.031000E+01    4.572735E-09
    1.032000E+01    4.553572E-09
    1.033000E+01    4.534492E-09
    1.034000E+01    4.515496E-09
    1.035000E+01    4.496582E-09
    1.036000E+01    4.477751E-09
    1.037000E+01    4.459003E-09
    1.038000E+01    4.440336E-09
    1.039000E+01    4.421751E-09
    1.040000E+01    4.403247E-09
    1.041000E+01    4.384824E-09
    1.042000E+01    4.366481E-09
    1.043000E+01    4.348219E-09
    1.044000E+01    4.330036E-09
    1.045000E+01    4.311933E-09
    1.046000E+01    4.293910E-09
    1.047000E+01    4.275965E-09
    1.048000E+01    4.258098E-09
    1.049000E+01    4.240310E-09
    1.050000E+01    4.222600E-09
    1.051000E+01    4.204967E-09
    1.052000E+01    4.187412E-09
    1.053000E+01    4.169933E-09
    1.054000E+01    4.152531E-09
    1.055000E+01    4.135205E-09
    1.056000E+01    4.117955E-09
    1.057000E+01    4.100781E-09
    1.058000E+01    4.083682E-09
    1.059000E+01    4.066658E-09
    1.060000E+01    4.049708E-09
    1.061000E+01    4.032833E-09
    1.062000E+01    4.016032E-09
    1.063000E+01    3.999304E-09
    1.064000E+01    3.982650E-09
    1.065000E+01    3.966069E-09
    1.066000E+01    3.949560E-09
    1.067000E+01    3.933124E-09
    1.068000E+01    3.916760E-09
    1.069000E+01    3.900468E-09
    1.070000E+01    3.884248E-09
    1.071000E+01    3.868098E-09
    1.072000E+01    3.852019E-09
    1.073000E+01    3.836011E-09
    1.074000E+01    3.820074E-09
    1.075000E+01    3.804206E-09
    1.076000E+01    3.788407E-09
    1.077000E+01    3.772678E-09
    1.078000E+01    3.757019E-09
    1.079000E+01    3.741427E-09
    1.080000E+01    3.725905E-09
    1.081000E+01    3.710450E-09
    1.082000E+01    3.695064E-09
    1.083000E+01    3.679744E-09
    1.084000E+01    3.664493E-09
    1.085000E+01    3.649308E-09
    1.086000E+01    3.634190E-09
    1.087000E+01    3.619138E-09
    1.088000E+01    3.604152E-09
    1.089000E+01    3.589232E-09
    1.090000E+01    3.574378E-09
    1.091000E+01    3.559588E-09
    1.092000E+01    3.544864E-09
    1.093000E+01    3.530205E-09
    1.094000E+01    3.515609E-09
    1.095000E+01    3.501078E-09
    1.096000E+01    3.486611E-09
    1.097000E+01    3.472207E-09
    1.098000E+01    3.457867E-09
    1.099000E+01    3.443589E-09
    1.100000E+01    3.429375E-09
    1.101000E+01    3.415222E-09
    1.102000E+01    3.401132E-09
    1.103000E+01    3.387104E-09
    1.104000E+01    3.373137E-09
    1.105000E+01    3.359232E-09
    1.106000E+01    3.345387E-09
    1.107000E+01    3.331604E-09
    1.108000E+01    3.317881E-09
    1.109000E+01    3.304218E-09
    1.110000E+01    3.290615E-09
    1.111000E+01    3.277072E-09
    1.112000E+01    3.263589E-09
    1.113000E+01    3.250164E-09
    1.114000E+01    3.236799E-09
    1.115000E+01    3.223492E-09
    1.116000E+01    3.210244E-09
    1.117000E+01    3.197054E-09
    1.118000E+01    3.183921E-09
    1.119000E+01    3.170847E-09
    1.120000E+01    3.157829E-09
    1.121000E+01    3.144869E-09
    1.122000E+01    3.131966E-09
    1.123000E+01    3.119119E-09
    1.124000E+01    3.106329E-09
    1.125000E+01    3.093595E-09
    1.126000E+01    3.080917E-09
    1.127000E+01    3.068294E-09
    1.128000E+01    3.055727E-09
    1.129000E+01    3.043215E-09
    1.130000E+01    3.030757E-09
    1.131000E+01    3.018355E-09
    1.132000E+01    3.006007E-09
    1.133000E+01    2.993712E-09
    1.134000E+01    2.981472E-09
    1.135000E+01    2.969286E-09
    1.136000E+01    2.957153E-09
    1.137000E+01    2.945073E-09
    1.138000E+01    2.933046E-09
    1.139000E+01    2.921072E-09
    1.140000E+01    2.909150E-09
    1.141000E+01    2.897280E-09
    1.142000E+01    2.885463E-09
    1.143000E+01    2.873697E-09
    1.144000E+01    2.861983E-09
    1.145000E+01    2.850320E-09
    1.146000E+01    2.838708E-09
    1.147000E+01    2.827147E-09
    1.148000E+01    2.815637E-09
    1.149000E+01    2.804177E-09
    1.150000E+01    2.792768E-09
    1.151000E+01    2.781408E-09
    1.152000E+01    2.770098E-09
    1.153000E+01    2.758837E-09
    1.154000E+01    2.747626E-09
    1.155000E+01    2.736464E-09
    1.156000E+01    2.725350E-09
    1.157000E+01    2.714286E-09
    1.158000E+01    2.703269E-09
    1.159000E+01    2.692301E-09
    1.160000E+01    2.681381E-09
    1.161000E+01    2.670508E-09
    1.162000E+01    2.659683E-09
    1.163000E+01    2.648906E-09
    1.164000E+01    2.638175E-09
    1.165000E+01    2.627492E-09
    1.166000E+01    2.616855E-09
    1.167000E+01    2.606264E-09
    1.168000E+01    2.595720E-09
    1.169000E+01    2.585222E-09
    1.170000E+01    2.574770E-09
    1.171000E+01    2.564363E-09
    1.172000E+01    2.554002E-09
    1.173000E+01    2.543686E-09
    1.174000E+01    2.533415E-09
    1.175000E+01    2.523189E-09
    1.176000E+01    2.513007E-09
    1.177000E+01    2.502870E-09
    1.178000E+01    2.492777E-09
    1.179000E+01    2.482728E-09
    1.180000E+01    2.472723E-09
    1.181000E+01    2.462762E-09
    1.182000E+01    2.452844E-09
    1.183000E+01    2.442969E-09
    1.184000E+01    2.433137E-09
    1.185000E+01    2.423348E-09
    1.186000E+01    2.413602E-09
    1.187000E+01    2.403898E-09
    1.188000E+01    2.394236E-09
    1.189000E+01    2.384617E-09
    1.190000E+01    2.375039E-09
    1.191000E+01    2.365503E-09
    1.192000E+01    2.356009E-09
    1.193000E+01    2.346555E-09
    1.194000E+01    2.337143E-09
    1.195000E+01    2.327772E-09
    1.196000E+01    2.318442E-09
    1.197000E+01    2.309152E-09
    1.198000E+01    2.299903E-09
    1.199000E+01    2.290693E-09
    1.200000E+01    2.281524E-09
    1.201000E+01    2.272395E-09
    1.202000E+01    2.263305E-09
    1.203000E+01    2.254255E-09
    1.204000E+01    2.245244E-09
    1.205000E+01    2.236272E-09
    1.206000E+01    2.227339E-09
    1.207000E+01    2.218445E-09
    1.208000E+01    2.209590E-09
    1.209000E+01    2.200773E-09
    1.210000E+01    2.191994E-09
    1.211000E+01    2.183253E-09
    1.212000E+01    2.174550E-09
    1.213000E+01    2.165885E-09
    1.214000E+01    2.157257E-09
    1.215000E+01    2.148667E-09
    1.216000E+01    2.140114E-09
    1.217000E+01    2.131598E-09
    1.218000E+01    2.123119E-09
    1.219000E+01    2.114676E-09
    1.220000E+01    2.106271E-09
    1.221000E+01    2.097901E-09
    1.222000E+01    2.089568E-09
    1.223000E+01    2.081271E-09
    1.224000E+01    2.073009E-09
    1.225000E+01    2.064783E-09
    1.226000E+01    2.056593E-09
    1.227000E+01    2.048439E-09
    1.228000E+01    2.040319E-09
    1.229000E+01    2.032235E-09
    1.230000E+01    2.024185E-09
    1.231000E+01    2.016171E-09
    1.232000E+01    2.008191E-09
    1.233000E+01    2.000245E-09
    1.234000E+01    1.992334E-09
    1.235000E+01    1.984456E-09
    1.236000E+01    1.976613E-09
    1.237000E+01    1.968804E-09
    1.238000E+01    1.961028E-09
    1.239000E+01    1.953286E-09
    1.240000E+01    1.945577E-09
    1.241000E+01    1.937901E-09
    1.242000E+01    1.930258E-09
    1.243000E+01    1.922649E-09
    1.244000E+01    1.915072E-09
    1.245000E+01    1.907527E-09
    1.246000E+01    1.900015E-09
    1.247000E+01    1.892536E-09
    1.248000E+01    1.885088E-09
    1.249000E+01    1.877673E-09
    1.250000E+01    1.870290E-09
    1.251000E+01    1.862938E-09
    1.252000E+01    1.855618E-09
    1.253000E+01    1.848329E-09
    1.254000E+01    1.841071E-09
    1.255000E+01    1.833845E-09
    1.256000E+01    1.826650E-09
    1.257000E+01    1.819486E-09
    1.258000E+01    1.812352E-09
    1.259000E+01    1.805249E-09
    1.260000E+01    1.798176E-09
    1.261000E+01    1.791134E-09
    1.262000E+01    1.784122E-09
    1.263000E+01    1.777140E-09
    1.264000E+01    1.770188E-09
    1.265000E+01    1.763266E-09
    1.266000E+01    1.756373E-09
    1.267000E+01    1.749510E-09
    1.268000E+01    1.742676E-09
    1.269000E+01    1.735872E-09
    1.270000E+01    1.729096E-09
    1.271000E+01    1.722350E-09
    1.272000E+01    1.715632E-09
    1.273000E+01    1.708943E-09
    1.274000E+01    1.702283E-09
    1.275000E+01    1.695651E-09
    1.276000E+01    1.689048E-09
    1.277000E+01    1.682472E-09
    1.278000E+01    1.675925E-09
    1.279000E+01    1.669406E-09
    1.280000E+01    1.662914E-09
    1.281000E+01    1.656450E-09
    1.282000E+01    1.650014E-09
    1.283000E+01    1.643605E-09
    1.284000E+01    1.637224E-09
    1.285000E+01    1.630869E-09
    1.286000E+01    1.624542E-09
    1.287000E+01    1.618242E-09
    1.288000E+01    1.611968E-09
    1.289000E+01    1.605722E-09
    1.290000E+01    1.599501E-09
    1.291000E+01    1.593308E-09
    1.292000E+01    1.587140E-09
    1.293000E+01    1.580999E-09
    1.294000E+01    1.574884E-09
    1.295000E+01    1.568795E-09
    1.296000E+01    1.562732E-09
    1.297000E+01    1.556694E-09
    1.298000E+01    1.550682E-09
    1.299000E+01    1.544696E-09
    1.300000E+01    1.538735E-09
    1.301000E+01    1.532800E-09
    1.302000E+01    1.526889E-09
    1.303000E+01    1.521004E-09
    1.304000E+01    1.515143E-09
    1.305000E+01    1.509308E-09
    1.306000E+01    1.503497E-09
    1.307000E+01    1.497710E-09
    1.308000E+01    1.491949E-09
    1.309000E+01    1.486211E-09
    1.310000E+01    1.480498E-09
    1.311000E+01    1.474809E-09
    1.312000E+01    1.469144E-09
    1.313000E+01    1.463503E-09
    1.314000E+01    1.457886E-09
    1.315000E+01    1.452293E-09
    1.316000E+01    1.446723E-09
    1.317000E+01    1.441177E-09
    1.318000E+01    1.435654E-09
    1.319000E+01    1.430155E-09
    1.320000E+01    1.424678E-09
    1.321000E+01    1.419225E-09
    1.322000E+01    1.413795E-09
    1.323000E+01    1.408388E-09
    1.324000E+01    1.403003E-09
    1.325000E+01    1.397641E-09
    1.326000E+01    1.392302E-09
    1.327000E+01    1.386985E-09
    1.328000E+01    1.381691E-09
    1.329000E+01    1.376419E-09
    1.330000E+01    1.371169E-09
    1.331000E+01    1.365941E-09
    1.332000E+01    1.360735E-09
    1.333000E+01    1.355551E-09
    1.334000E+01    1.350389E-09
    1.335000E+01    1.345248E-09
    1.336000E+01    1.340129E-09
    1.337000E+01    1.335032E-09
    1.338000E+01    1.329955E-09
    1.339000E+01    1.324901E-09
    1.340000E+01    1.319867E-09
    1.341000E+01    1.314855E-09
    1.342000E+01    1.309863E-09
    1.343000E+01    1.304893E-09
    1.344000E+01    1.299943E-09
    1.345000E+01    1.295014E-09
    1.346000E+01    1.290105E-09
    1.347000E+01    1.285218E-09
    1.348000E+01    1.280350E-09
    1.349000E+01    1.275503E-09
    1.350000E+01    1.270676E-09
    1.351000E+01    1.265870E-09
    1.352000E+01    1.261083E-09
    1.353000E+01    1.256317E-09
    1.354000E+01    1.251570E-09
    1.355000E+01    1.246843E-09
    1.356000E+01    1.242136E-09
    1.357000E+01    1.237449E-09
    1.358000E+01    1.232781E-09
    1.359000E+01    1.228133E-09
    1.360000E+01    1.223504E-09
    1.361000E+01    1.218894E-09
    1.362000E+01    1.214303E-09
    1.363000E+01    1.209732E-09
    1.364000E+01    1.205179E-09
    1.365000E+01    1.200646E-09
    1.366000E+01    1.196131E-09
    1.367000E+01    1.191636E-09
    1.368000E+01    1.187158E-09
    1.369000E+01    1.182700E-09
    1.370000E+01    1.178260E-09
    1.371000E+01    1.173838E-09
    1.372000E+01    1.169435E-09
    1.373000E+01    1.165050E-09
    1.374000E+01    1.160684E-09
    1.375000E+01    1.156335E-09
    1.376000E+01    1.152004E-09
    1.377000E+01    1.147692E-09
    1.378000E+01    1.143397E-09
    1.379000E+01    1.139120E-09
    1.380000E+01    1.134861E-09
    1.381000E+01    1.130619E-09
    1.382000E+01    1.126395E-09
    1.383000E+01    1.122189E-09
    1.384000E+01    1.117999E-09
    1.385000E+01    1.113828E-09
    1.386000E+01    1.109673E-09
    1.387000E+01    1.105535E-09
    1.388000E+01    1.101415E-09
    1.389000E+01    1.097312E-09
    1.390000E+01    1.093225E-09
    1.391000E+01    1.089156E-09
    1.392000E+01    1.085103E-09
    1.393000E+01    1.081067E-09
    1.394000E+01    1.077048E-09
    1.395000E+01    1.073045E-09
    1.396000E+01    1.069059E-09
    1.397000E+01    1.065089E-09
    1.398000E+01    1.061135E-09
    1.399000E+01    1.057198E-09
    1.400000E+01    1.053277E-09
    1.401000E+01    1.049372E-09
    1.402000E+01    1.045483E-09
    1.403000E+01    1.041610E-09
    1.404000E+01    1.037753E-09
    1.405000E+01    1.033912E-09
    1.406000E+01    1.030086E-09
    1.407000E+01    1.026277E-09
    1.408000E+01    1.022483E-09
    1.409000E+01    1.018704E-09
    1.410000E+01    1.014941E-09
    1.411000E+01    1.011193E-09
    1.412000E+01    1.007461E-09
    1.413000E+01    1.003744E-09
    1.414000E+01    1.000043E-09
    1.415000E+01    9.963560E-10
    1.416000E+01    9.926846E-10
    1.417000E+01    9.890281E-10
    1.418000E+01    9.853867E-10
    1.419000E+01    9.817601E-10
    1.420000E+01    9.781483E-10
    1.421000E+01    9.745513E-10
    1.422000E+01    9.709689E-10
    1.423000E+01    9.674012E-10
    1.424000E+01    9.638481E-10
    1.425000E+01    9.603095E-10
    1.426000E+01    9.567852E-10
    1.427000E+01    9.532754E-10
    1.428000E+01    9.497799E-10
    1.429000E+01    9.462986E-10
    1.430000E+01    9.428315E-10
    1.431000E+01    9.393785E-10
    1.432000E+01    9.359395E-10
    1.433000E+01    9.325146E-10
    1.434000E+01    9.291036E-10
    1.435000E+01    9.257064E-10
    1.436000E+01    9.223231E-10
    1.437000E+01    9.189535E-10
    1.438000E+01    9.155976E-10
    1.439000E+01    9.122553E-10
    1.440000E+01    9.089266E-10
    1.441000E+01    9.056114E-10
    1.442000E+01    9.023097E-10
    1.443000E+01    8.990213E-10
    1.444000E+01    8.957463E-10
    1.445000E+01    8.924845E-10
    1.446000E+01    8.892360E-10
    1.447000E+01    8.860006E-10
    1.448000E+01    8.827783E-10
    1.449000E+01    8.795690E-10
    1.450000E+01    8.763728E-10
    1.451000E+01    8.731894E-10
    1.452000E+01    8.700189E-10
    1.453000E+01    8.668613E-10
    1.454000E+01    8.637163E-10
    1.455000E+01    8.605841E-10
    1.456000E+01    8.574646E-10
    1.457000E+01    8.543576E-10
    1.458000E+01    8.512631E-10
    1.459000E+01    8.481812E-10
    1.460000E+01    8.451116E-10
    1.461000E+01    8.420544E-10
    1.462000E+01    8.390096E-10
    1.463000E+01    8.359770E-10
    1.464000E+01    8.329566E-10
    1.465000E+01    8.299483E-10
    1.466000E+01    8.269522E-10
    1.467000E+01    8.239681E-10
    1.468000E+01    8.209960E-10
    1.469000E+01    8.180359E-10
    1.470000E+01    8.150876E-10
    1.471000E+01    8.121512E-10
    1.472000E+01    8.092266E-10
    1.473000E+01    8.063137E-10
    1.474000E+01    8.034124E-10
    1.475000E+01    8.005229E-10
    1.476000E+01    7.976449E-10
    1.477000E+01    7.947784E-10
    1.478000E+01    7.919234E-10
    1.479000E+01    7.890799E-10
    1.480000E+01    7.862477E-10
    1.481000E+01    7.834269E-10
    1.482000E+01    7.806173E-10
    1.483000E+01    7.778190E-10
    1.484000E+01    7.750319E-10
    1.485000E+01    7.722559E-10
    1.486000E+01    7.694909E-10
    1.487000E+01    7.667371E-10
    1.488000E+01    7.639942E-10
    1.489000E+01    7.612623E-10
    1.490000E+01    7.585412E-10
    1.491000E+01    7.558310E-10
    1.492000E+01    7.531316E-10
    1.493000E+01    7.504430E-10
    1.494000E+01    7.477651E-10
    1.495000E+01    7.450978E-10
    1.496000E+01    7.424412E-10
    1.497000E+01    7.397951E-10
    1.498000E+01    7.371595E-10
    1.499000E+01    7.345345E-10
    1.500000E+01    7.319198E-10
    1.501000E+01    7.293156E-10
    1.502000E+01    7.267217E-10
    1.503000E+01    7.241380E-10
    1.504000E+01    7.215647E-10
    1.505000E+01    7.190015E-10
    1.506000E+01    7.164485E-10
    1.507000E+01    7.139057E-10
    1.508000E+01    7.113729E-10
    1.509000E+01    7.088501E-10
    1.510000E+01    7.063374E-10
    1.511000E+01    7.038345E-10
    1.512000E+01    7.013416E-10
    1.513000E+01    6.988586E-10
    1.514000E+01    6.963853E-10
    1.515000E+01    6.939219E-10
    1.516000E+01    6.914681E-10
    1.517000E+01    6.890241E-10
    1.518000E+01    6.865897E-10
    1.519000E+01    6.841649E-10
    1.520000E+01    6.817497E-10
    1.521000E+01    6.793440E-10
    1.522000E+01    6.769478E-10
    1.523000E+01    6.745611E-10
    1.524000E+01    6.721837E-10
    1.525000E+01    6.698157E-10
    1.526000E+01    6.674571E-10
    1.527000E+01    6.651077E-10
    1.528000E+01    6.627676E-10
    1.529000E+01    6.604366E-10
    1.530000E+01    6.581149E-10
    1.531000E+01    6.558022E-10
    1.532000E+01    6.534986E-10
    1.533000E+01    6.512041E-10
    1.534000E+01    6.489186E-10
    1.535000E+01    6.466421E-10
    1.536000E+01    6.443745E-10
    1.537000E+01    6.421157E-10
    1.538000E+01    6.398659E-10
    1.539000E+01    6.376248E-10
    1.540000E+01    6.353926E-10
    1.541000E+01    6.331690E-10
    1.542000E+01    6.309542E-10
    1.543000E+01    6.287480E-10
    1.544000E+01    6.265505E-10
    1.545000E+01    6.243616E-10
    1.546000E+01    6.221812E-10
    1.547000E+01    6.200093E-10
    1.548000E+01    6.178459E-10
    1.549000E+01    6.156910E-10
    1.550000E+01    6.135444E-10
    1.551000E+01    6.114063E-10
    1.552000E+01    6.092765E-10
    1.553000E+01    6.071549E-10
    1.554000E+01    6.050417E-10
    1.555000E+01    6.029367E-10
    1.556000E+01    6.008399E-10
    1.557000E+01    5.987512E-10
    1.558000E+01    5.966707E-10
    1.559000E+01    5.945982E-10
    1.560000E+01    5.925338E-10
    1.561000E+01    5.904775E-10
    1.562000E+01    5.884291E-10
    1.563000E+01    5.863887E-10
    1.564000E+01    5.843562E-10
    1.565000E+01    5.823316E-10
    1.566000E+01    5.803149E-10
    1.567000E+01    5.783059E-10
    1.568000E+01    5.763048E-10
    1.569000E+01    5.743114E-10
    1.570000E+01    5.723258E-10
    1.571000E+01    5.703478E-10
    1.572000E+01    5.683775E-10
    1.573000E+01    5.664148E-10
    1.574000E+01    5.644597E-10
    1.575000E+01    5.625121E-10
    1.576000E+01    5.605721E-10
    1.577000E+01    5.586396E-10
    1.578000E+01    5.567145E-10
    1.579000E+01    5.547969E-10
    1.580000E+01    5.528867E-10
    1.581000E+01    5.509839E-10
    1.582000E+01    5.490883E-10
    1.583000E+01    5.472001E-10
    1.584000E+01    5.453192E-10
    1.585000E+01    5.434455E-10
    1.586000E+01    5.415791E-10
    1.587000E+01    5.397198E-10
    1.588000E+01    5.378677E-10
    1.589000E+01    5.360227E-10
    1.590000E+01    5.341848E-10
    1.591000E+01    5.323539E-10
    1.592000E+01    5.305301E-10
    1.593000E+01    5.287133E-10
    1.594000E+01    5.269035E-10
    1.595000E+01    5.251006E-10
    1.596000E+01    5.233046E-10
    1.597000E+01    5.215155E-10
    1.598000E+01    5.197333E-10
    1.599000E+01    5.179579E-10
    1.600000E+01    5.161894E-10
    1.601000E+01    5.144275E-10
    1.602000E+01    5.126725E-10
    1.603000E+01    5.109241E-10
    1.604000E+01    5.091824E-10
    1.605000E+01    5.074474E-10
    1.606000E+01    5.057191E-10
    1.607000E+01    5.039973E-10
    1.608000E+01    5.022821E-10
    1.609000E+01    5.005734E-10
    1.610000E+01    4.988713E-10
    1.611000E+01    4.971757E-10
    1.612000E+01    4.954865E-10
    1.613000E+01    4.938038E-10
    1.614000E+01    4.921275E-10
    1.615000E+01    4.904575E-10
    1.616000E+01    4.887940E-10
    1.617000E+01    4.871367E-10
    1.618000E+01    4.854858E-10
    1.619000E+01    4.838411E-10
    1.620000E+01    4.822027E-10
    1.621000E+01    4.805706E-10
    1.622000E+01    4.789446E-10
    1.623000E+01    4.773248E-10
    1.624000E+01    4.757112E-10
    1.625000E+01    4.741036E-10
    1.626000E+01    4.725022E-10
    1.627000E+01    4.709069E-10
    1.628000E+01    4.693176E-10
    1.629000E+01    4.677343E-10
    1.630000E+01    4.661570E-10
    1.631000E+01    4.645857E-10
    1.632000E+01    4.630203E-10
    1.633000E+01    4.614609E-10
    1.634000E+01    4.599073E-10
    1.635000E+01    4.583597E-10
    1.636000E+01    4.568178E-10
    1.637000E+01    4.552818E-10
    1.638000E+01    4.537516E-10
    1.639000E+01    4.522272E-10
    1.640000E+01    4.507086E-10
    1.641000E+01    4.491956E-10
    1.642000E+01    4.476884E-10
    1.643000E+01    4.461868E-10
    1.644000E+01    4.446909E-10
    1.645000E+01    4.432007E-10
    1.646000E+01    4.417160E-10
    1.647000E+01    4.402370E-10
    1.648000E+01    4.387635E-10
    1.649000E+01    4.372955E-10
    1.650000E+01    4.358331E-10
    1.651000E+01    4.343762E-10
    1.652000E+01    4.329247E-10
    1.653000E+01    4.314787E-10
    1.654000E+01    4.300381E-10
    1.655000E+01    4.286029E-10
    1.656000E+01    4.271731E-10
    1.657000E+01    4.257487E-10
    1.658000E+01    4.243296E-10
    1.659000E+01    4.229158E-10
    1.660000E+01    4.215073E-10
    1.661000E+01    4.201041E-10
    1.662000E+01    4.187061E-10
    1.663000E+01    4.173134E-10
    1.664000E+01    4.159259E-10
    1.665000E+01    4.145436E-10
    1.666000E+01    4.131664E-10
    1.667000E+01    4.117944E-10
    1.668000E+01    4.104275E-10
    1.669000E+01    4.090657E-10
    1.670000E+01    4.077089E-10
    1.671000E+01    4.063573E-10
    1.672000E+01    4.050107E-10
    1.673000E+01    4.036691E-10
    1.674000E+01    4.023325E-10
    1.675000E+01    4.010008E-10
    1.676000E+01    3.996742E-10
    1.677000E+01    3.983524E-10
    1.678000E+01    3.970356E-10
    1.679000E+01    3.957237E-10
    1.680000E+01    3.944166E-10
    1.681000E+01    3.931145E-10
    1.682000E+01    3.918171E-10
    1.683000E+01    3.905246E-10
    1.684000E+01    3.892368E-10
    1.685000E+01    3.879539E-10
    1.686000E+01    3.866757E-10
    1.687000E+01    3.854022E-10
    1.688000E+01    3.841335E-10
    1.689000E+01    3.828694E-10
    1.690000E+01    3.816101E-10
    1.691000E+01    3.803554E-10
    1.692000E+01    3.791053E-10
    1.693000E+01    3.778599E-10
    1.694000E+01    3.766191E-10
    1.695000E+01    3.753828E-10
    1.696000E+01    3.741511E-10
    1.697000E+01    3.729240E-10
    1.698000E+01    3.717014E-10
    1.699000E+01    3.704833E-10
    1.700000E+01    3.692697E-10
    1.701000E+01    3.680606E-10
    1.702000E+01    3.668560E-10
    1.703000E+01    3.656557E-10
    1.704000E+01    3.644599E-10
    1.705000E+01    3.632686E-10
    1.706000E+01    3.620815E-10
    1.707000E+01    3.608989E-10
    1.708000E+01    3.597206E-10
    1.709000E+01    3.585466E-10
    1.710000E+01    3.573770E-10
    1.711000E+01    3.562116E-10
    1.712000E+01    3.550506E-10
    1.713000E+01    3.538938E-10
    1.714000E+01    3.527412E-10
    1.715000E+01    3.515928E-10
    1.716000E+01    3.504487E-10
    1.717000E+01    3.493088E-10
    1.718000E+01    3.481730E-10
    1.719000E+01    3.470414E-10
    1.720000E+01    3.459140E-10
    1.721000E+01    3.447906E-10
    1.722000E+01    3.436714E-10
    1.723000E+01    3.425563E-10
    1.724000E+01    3.414452E-10
    1.725000E+01    3.403383E-10
    1.726000E+01    3.392353E-10
    1.727000E+01    3.381364E-10
    1.728000E+01    3.370415E-10
    1.729000E+01    3.359506E-10
    1.730000E+01    3.348636E-10
    1.731000E+01    3.337806E-10
    1.732000E+01    3.327016E-10
    1.733000E+01    3.316265E-10
    1.734000E+01    3.305553E-10
    1.735000E+01    3.294881E-10
    1.736000E+01    3.284247E-10
    1.737000E+01    3.273651E-10
    1.738000E+01    3.263095E-10
    1.739000E+01    3.252576E-10
    1.740000E+01    3.242096E-10
    1.741000E+01    3.231654E-10
    1.742000E+01    3.221250E-10
    1.743000E+01    3.210883E-10
    1.744000E+01    3.200554E-10
    1.745000E+01    3.190263E-10
    1.746000E+01    3.180009E-10
    1.747000E+01    3.169792E-10
    1.748000E+01    3.159612E-10
    1.749000E+01    3.149469E-10
    1.750000E+01    3.139362E-10
    1.751000E+01    3.129293E-10
    1.752000E+01    3.119259E-10
    1.753000E+01    3.109262E-10
    1.754000E+01    3.099301E-10
    1.755000E+01    3.089376E-10
    1.756000E+01    3.079487E-10
    1.757000E+01    3.069634E-10
    1.758000E+01    3.059816E-10
    1.759000E+01    3.050033E-10
    1.760000E+01    3.040286E-10
    1.761000E+01    3.030574E-10
    1.762000E+01    3.020897E-10
    1.763000E+01    3.011255E-10
    1.764000E+01    3.001647E-10
    1.765000E+01    2.992074E-10
    1.766000E+01    2.982536E-10
    1.767000E+01    2.973032E-10
    1.768000E+01    2.963562E-10
    1.769000E+01    2.954126E-10
    1.770000E+01    2.944723E-10
    1.771000E+01    2.935355E-10
    1.772000E+01    2.926020E-10
    1.773000E+01    2.916719E-10
    1.774000E+01    2.907451E-10
    1.775000E+01    2.898217E-10
    1.776000E+01    2.889015E-10
    1.777000E+01    2.879847E-10
    1.778000E+01    2.870711E-10
    1.779000E+01    2.861608E-10
    1.780000E+01    2.852537E-10
    1.781000E+01    2.843499E-10
    1.782000E+01    2.834494E-10
    1.783000E+01    2.825520E-10
    1.784000E+01    2.816579E-10
    1.785000E+01    2.807669E-10
    1.786000E+01    2.798791E-10
    1.787000E+01    2.789945E-10
    1.788000E+01    2.781131E-10
    1.789000E+01    2.772348E-10
    1.790000E+01    2.763596E-10
    1.791000E+01    2.754876E-10
    1.792000E+01    2.746186E-10
    1.793000E+01    2.737528E-10
    1.794000E+01    2.728900E-10
    1.795000E+01    2.720303E-10
    1.796000E+01    2.711736E-10
    1.797000E+01    2.703200E-10
    1.798000E+01    2.694695E-10
    1.799000E+01    2.686219E-10
    1.800000E+01    2.677774E-10
    1.801000E+01    2.669359E-10
    1.802000E+01    2.660973E-10
    1.803000E+01    2.652617E-10
    1.804000E+01    2.644291E-10
    1.805000E+01    2.635995E-10
    1.806000E+01    2.627727E-10
    1.807000E+01    2.619489E-10
    1.808000E+01    2.611281E-10
    1.809000E+01    2.603101E-10
    1.810000E+01    2.594950E-10
    1.811000E+01    2.586828E-10
    1.812000E+01    2.578735E-10
    1.813000E+01    2.570670E-10
    1.814000E+01    2.562634E-10
    1.815000E+01    2.554626E-10
    1.816000E+01    2.546647E-10
    1.817000E+01    2.538696E-10
    1.818000E+01    2.530772E-10
    1.819000E+01    2.522877E-10
    1.820000E+01    2.515009E-10
    1.821000E+01    2.507170E-10
    1.822000E+01    2.499357E-10
    1.823000E+01    2.491573E-10
    1.824000E+01    2.483815E-10
    1.825000E+01    2.476085E-10
    1.826000E+01    2.468382E-10
    1.827000E+01    2.460707E-10
    1.828000E+01    2.453058E-10
    1.829000E+01    2.445436E-10
    1.830000E+01    2.437841E-10
    1.831000E+01    2.430272E-10
    1.832000E+01    2.422730E-10
    1.833000E+01    2.415215E-10
    1.834000E+01    2.407725E-10
    1.835000E+01    2.400263E-10
    1.836000E+01    2.392826E-10
    1.837000E+01    2.385415E-10
    1.838000E+01    2.378030E-10
    1.839000E+01    2.370671E-10
    1.840000E+01    2.363338E-10
    1.841000E+01    2.356030E-10
    1.842000E+01    2.348748E-10
    1.843000E+01    2.341492E-10
    1.844000E+01    2.334260E-10
    1.845000E+01    2.327054E-10
    1.846000E+01    2.319874E-10
    1.847000E+01    2.312718E-10
    1.848000E+01    2.305587E-10
    1.849000E+01    2.298481E-10
    1.850000E+01    2.291400E-10
    1.851000E+01    2.284343E-10
    1.852000E+01    2.277311E-10
    1.853000E+01    2.270303E-10
    1.854000E+01    2.263320E-10
    1.855000E+01    2.256361E-10
    1.856000E+01    2.249427E-10
    1.857000E+01    2.242516E-10
    1.858000E+01    2.235630E-10
    1.859000E+01    2.228767E-10
    1.860000E+01    2.221928E-10
    1.861000E+01    2.215113E-10
    1.862000E+01    2.208321E-10
    1.863000E+01    2.201554E-10
    1.864000E+01    2.194809E-10
    1.865000E+01    2.188088E-10
    1.866000E+01    2.181390E-10
    1.867000E+01    2.174716E-10
    1.868000E+01    2.168064E-10
    1.869000E+01    2.161435E-10
    1.870000E+01    2.154830E-10
    1.871000E+01    2.148247E-10
    1.872000E+01    2.141687E-10
    1.873000E+01    2.135150E-10
    1.874000E+01    2.128635E-10
    1.875000E+01    2.122143E-10
    1.876000E+01    2.115673E-10
    1.877000E+01    2.109225E-10
    1.878000E+01    2.102800E-10
    1.879000E+01    2.096397E-10
    1.880000E+01    2.090015E-10
    1.881000E+01    2.083656E-10
    1.882000E+01    2.077319E-10
    1.883000E+01    2.071004E-10
    1.884000E+01    2.064710E-10
    1.885000E+01    2.058438E-10
    1.886000E+01    2.052187E-10
    1.887000E+01    2.045958E-10
    1.888000E+01    2.039750E-10
    1.889000E+01    2.033564E-10
    1.890000E+01    2.027399E-10
    1.891000E+01    2.021255E-10
    1.892000E+01    2.015132E-10
    1.893000E+01    2.009030E-10
    1.894000E+01    2.002949E-10
    1.895000E+01    1.996889E-10
    1.896000E+01    1.990849E-10
    1.897000E+01    1.984831E-10
    1.898000E+01    1.978833E-10
    1.899000E+01    1.972855E-10
    1.900000E+01    1.966898E-10
    1.901000E+01    1.960961E-10
    1.902000E+01    1.955044E-10
    1.903000E+01    1.949148E-10
    1.904000E+01    1.943272E-10
    1.905000E+01    1.937416E-10
    1.906000E+01    1.931579E-10
    1.907000E+01    1.925763E-10
    1.908000E+01    1.919967E-10
    1.909000E+01    1.914190E-10
    1.910000E+01    1.908433E-10
    1.911000E+01    1.902696E-10
    1.912000E+01    1.896978E-10
    1.913000E+01    1.891279E-10
    1.914000E+01    1.885600E-10
    1.915000E+01    1.879940E-10
    1.916000E+01    1.874300E-10
    1.917000E+01    1.868678E-10
    1.918000E+01    1.863076E-10
    1.919000E+01    1.857493E-10
    1.920000E+01    1.851929E-10
    1.921000E+01    1.846383E-10
    1.922000E+01    1.840857E-10
    1.923000E+01    1.835349E-10
    1.924000E+01    1.829860E-10
    1.925000E+01    1.824389E-10
    1.926000E+01    1.818937E-10
    1.927000E+01    1.813503E-10
    1.928000E+01    1.808088E-10
    1.929000E+01    1.802691E-10
    1.930000E+01    1.797312E-10
    1.931000E+01    1.791952E-10
    1.932000E+01    1.786609E-10
    1.933000E+01    1.781285E-10
    1.934000E+01    1.775978E-10
    1.935000E+01    1.770690E-10
    1.936000E+01    1.765419E-10
    1.937000E+01    1.760166E-10
    1.938000E+01    1.754931E-10
    1.939000E+01    1.749714E-10
    1.940000E+01    1.744514E-10
    1.941000E+01    1.739331E-10
    1.942000E+01    1.734166E-10
    1.943000E+01    1.729019E-10
    1.944000E+01    1.723888E-10
    1.945000E+01    1.718775E-10
    1.946000E+01    1.713679E-10
    1.947000E+01    1.708600E-10
    1.948000E+01    1.703539E-10
    1.949000E+01    1.698494E-10
    1.950000E+01    1.693466E-10
    1.951000E+01    1.688455E-10
    1.952000E+01    1.683461E-10
    1.953000E+01    1.678484E-10
    1.954000E+01    1.673523E-10
    1.955000E+01    1.668579E-10
    1.956000E+01    1.663651E-10
    1.957000E+01    1.658740E-10
    1.958000E+01    1.653845E-10
    1.959000E+01    1.648967E-10
    1.960000E+01    1.644105E-10
    1.961000E+01    1.639259E-10
    1.962000E+01    1.634430E-10
    1.963000E+01    1.629616E-10
    1.964000E+01    1.624819E-10
    1.965000E+01    1.620038E-10
    1.966000E+01    1.615272E-10
    1.967000E+01    1.610523E-10
    1.968000E+01    1.605789E-10
    1.969000E+01    1.601071E-10
    1.970000E+01    1.596369E-10
    1.971000E+01    1.591683E-10
    1.972000E+01    1.587012E-10
    1.973000E+01    1.582356E-10
    1.974000E+01    1.577716E-10
    1.975000E+01    1.573092E-10
    1.976000E+01    1.568483E-10
    1.977000E+01    1.563889E-10
    1.978000E+01    1.559310E-10
    1.979000E+01    1.554747E-10
    1.980000E+01    1.550199E-10
    1.981000E+01    1.545666E-10
    1.982000E+01    1.541147E-10
    1.983000E+01    1.536644E-10
    1.984000E+01    1.532156E-10
    1.985000E+01    1.527683E-10
    1.986000E+01    1.523224E-10
    1.987000E+01    1.518780E-10
    1.988000E+01    1.514351E-10
    1.989000E+01    1.509937E-10
    1.990000E+01    1.505537E-10
    1.991000E+01    1.501152E-10
    1.992000E+01    1.496781E-10
    1.993000E+01    1.492424E-10
    1.994000E+01    1.488082E-10
    1.995000E+01    1.483755E-10
    1.996000E+01    1.479441E-10
    1.997000E+01    1.475142E-10
    1.998000E+01    1.470857E-10
    1.999000E+01    1.466586E-10
