 0.4473270413220521
 0.061946395673764115
 0.8493530199627176
 0.6129578090333184
 0.7924091493209865
 0.19462571036751658
 0.4549517032946235
 0.21849267348576925
 0.6185210437134474
 0.8525211554730874
 0.3239041240531505
 0.46445477873294382
 0.31584128025725533
 0.4856116524364853
 0.37282169641592616
 0.952383459244102
 0.8321282387860717
 0.9703550639889924
 0.47814354155126193
 0.5513373749104037
 0.6891701671244436
 0.9110591066121397
 0.6205454838092186
 0.9083506205158078
 0.6439954804461427
 0.5206802991780826
 0.4282574874946183
 0.42032247140087286
 0.9065093930375343
 0.5608415591813817
 0.5461575255478537
 0.5890161238559597
 0.5627464328719053
 0.6616961806368531
 0.859225652813551
 0.19900073748966706
 0.9605163971709632
 0.555460795180621
 0.7741027351348208
 0.43905512608543756
 0.2828832108447715
 0.824583040748063
 0.3227093759564262
 0.8947895307069599
 0.8479594026449877
 0.7697809401293195
 0.8734412036712471
 0.7214577972988868
 0.9600549550075341
 0.724902655475262
 0.5463891786273519
 0.4298834726819227
 0.7096156908243968
 0.28792553706463686
 0.6179268394214694
 0.9343043430868091
 0.3115304227506418
 0.6489891273197669
 0.8374762613966484
 0.4523512341791537
 0.9569533532284918
 0.8780571044786168
 0.4387726489635058
 0.03067139528257372
 0.44103096166673633
 0.28862278633221183
 0.9621631587679328
 0.2575418328668651
 0.46064800106019127
 0.25734941887545836
 0.6281325159725417
 0.9867760253077261
 0.7124885633180328
 0.354261164997826
 0.8310468873619321
 0.6683994436489415
 0.8603992224952202
 0.4187968598300577
 0.6646670209545024
 0.6069880901402741
 0.17840561856441464
 0.6685919515642303
 0.11154559390225707
 0.8475107543391696
 0.6301895824401591
 0.6644576232249189
 0.1373795629653053
 0.160313459886384
 0.39302154341387635
 0.8866350701482198
 0.4667805369323029
 0.17010974319191163
 0.409264729316004
 0.25760817483887454
 0.6758676649890223
 0.5220984263914166
 0.8094353127802889
 0.5333324857211357
 0.5491209788011018
 0.6727399133950193
 0.6251171228127169
 0.7282579983250508
 0.7647596007514559
 0.5227532269539094
 0.5629884588825462
 0.2951896988298696
 0.7047180199551943
 0.7359641610812226
 0.47481862012055625
 0.635657945524742
 0.25440790483467645
 0.9258336515751825
 0.9777616305173193
 0.9254232734560142
 0.8265507481650218
 0.6089811220341274
 0.8606548827889632
 0.9080312295854239
 0.36085745960513954
 0.8899882921902408
 0.9635302411688167
 0.3202505766042743
 0.8663181335042782
 0.15603242947535236
 0.5989439218765794
 0.4091447558296589
 0.609812077605078
 0.8126509676280669
 0.7497716004726344
 0.34674406342522423
 0.5718642002771908
 0.7978638735124207
 0.2241657509115366
 0.9911935095634281
 0.84235715258045
 0.2207484058666735
 0.9800230157468579
 0.3467587427919539
 0.9957815570737151
 0.6312810029980171
 0.5100906800060024
 0.5511089555691504
 0.6910424925345197
 0.5526551401487807
 0.3921926005707089
 0.3758001379090362
 0.7574793706915712
 0.4497327938441805
 0.711193126258996
 0.35728285552807292
 0.8528197233345451
 0.7857414554738168
 0.4087743507273376
 0.6763712874503671
 0.21552850576840734
 0.5098730160900733
 0.8604330469204267
 0.23171446846412246
 0.8626776877151233
 0.580018289284789
 0.7283876656686833
 0.9729750667572836
 0.2776582938514921
 0.9150014710216792
 0.28712380900379413
 0.3071601973414236
 0.8059086868566968
 0.5915730630008378
 0.19932580417922027
 0.25316434402631804
 0.7516101426685278
 0.4538984603965183
 0.5740482754418851
 0.8285644392150289
 0.3417031593349309
 0.4947928505925428
 0.3843218671084951
 0.4864178102400235
 0.42541259197770286
 0.7566936176534248
 0.37570866727070356
 0.9851368162711789
 0.7104521747727192
 0.7069282905230895
 0.9358073336239004
 0.3106259846178004
 0.48310973056736844
 0.41441949750968204
 0.5651331070648196
 0.30216521672074
 0.7881382222697783
 0.9732178900731813
 0.49166768830812895
 0.1914701275487757
 0.8350237775757087
 0.7364681027068143
 0.5358917570374403
 0.2529346192036451
 0.4510881825588122
 0.47591696413043743
 0.36375495645392463
 0.14138450405624902
 0.6240353141557589
 0.27677860957420363
 0.12712471844960221
 0.5807380823328802
 0.4155791505778111
 0.2548473326744732
 0.9040720728710627
 0.3945562129814906
 0.21006568917542034
 0.6514668232535324
 0.7495284097499812
 0.6443283564617526
 0.3959521061256305
 0.41116057141272394
 0.9990933698132137
 0.9621626644684759
 0.6133864842417588
 0.9982218204057878
 0.4792704987708808
 0.7786692258802568
 0.4481389855258812
 0.1246370534992949
 0.6006264143160666
 0.5840664381087134
 0.23330434497134006
 7.796461325043927E-3
 0.18117473669404854
 0.9512115773983353
 0.7998267479705748
 0.06953373470787595
 0.2812478974374235
 0.9156622152382798
 0.8959621594268652
 0.47701421229961066
 0.5458516622175702
 0.42355080913917664
 0.17632158257827235
 0.3731217948129036
 0.8789462697128515
 0.38634083670859264
 0.9047704931370775
 0.3088082345243581
 0.6228050815979043
 0.9119098183754409
 0.44119444118868306
 0.5325326939730594
 0.8288947568875249
 0.9777474139713438
 0.7226819552121131
 0.719754172544812
 0.8976612448215774
 0.8777440015588625
 0.31149992989911695
 0.4154821411778601
 0.3764400175662897
 0.795215215671442
 0.7398923449869698
 0.3651081768167707
 0.6998558142687454
 0.6268619766118294
 0.7602555440553721
 0.4429543393398423
 0.5447285440958703
 0.27590797900963026
 0.6375269229232924
 0.5672968316670957
 0.5390058847325881
 0.6243266893664035
 0.5697659689326613
 0.38049693777249016
 0.7330004122261894
 0.5299621067149389
 0.2998571730683824
 0.022269145409701873
 0.31147846174960874
 0.9769993765638209
 0.9767239204033854
 0.21053873701511821
 0.18460916736377827
 0.2928067730240555
 0.3755298905891971
 0.4684454433007378
 0.4102391832555827
 0.36702400868154305
 0.7699723269184923
 0.6230173690817399
 0.3212687938573159
 0.9392660117890994
 0.4890239202366322
 0.22305974705287245
 0.16907435849731522
 0.44214925930935394
 0.22636522433085615
 0.15866927390856172
 0.19480231893006824
 0.23865818727699028
 0.4519651998542087
 0.8149719317513388
 0.7445515731091388
 0.6866340494186776
 0.5615318687919211
 0.5076642902138011
 0.9322774546836866
 0.6634004409720193
 0.9706485480399096
 0.8627258990252044
 0.9759116316102036
 0.9526847898739785
 0.46997776262926765
 0.7001286998391751
 0.6472274179324634
 0.7490235945903805
 0.1579795692851672
 0.6166012216436684
 0.37538189318747355
 0.3099454298196106
 0.7492284028088807
 0.7225398587167915
 0.7870691702175275
 0.4896098409730988
 0.7480875497907808
 0.8386808037937993
 0.2922897878532717
 0.35361230864823445
 0.17221918644952538
 0.11029512570719008
 0.22544086986474715
 0.5045781082960675
 0.13489718196675984
 0.8319847103822906
 0.609792231912628
 0.8279136186129944
 0.7055489949907872
 0.8445683926551455
 0.8229240025966073
 0.48423782404709503
 0.462036416196281
 0.5468294793492321
 0.5868848297218257
 0.9507583148082523
 0.3561303115245563
 0.20647428594831113
 0.7140389594780464
 0.6367705550216003
 0.19177455934312873
 0.44066015572317895
 0.34722974735648803
 0.8646193319301211
 0.2621451678043908
 0.47126067600737364
 0.6101690115920124
 0.9190566572449433
 0.2367380432955632
 0.46845770714267043
 0.7528255855910602
 0.56804503000716
 0.8046896777603266
 0.5552549036011355
 0.34173629327758053
 0.9930907630795105
 0.6458690432579577
 0.6222027784316814
 0.4729766217865872
 0.4545807531823315
 0.39981556697740017
 0.8770195502680815
 0.4996961703056918
 0.5613897716912395
 0.4731400862676744
 0.6270783125083325
 0.9532553153360522
 0.5401401729975548
 0.4688616189495016
 0.9860836718166636
 0.6613039669400563
 0.6736620446544433
 0.5534417768257865
 0.8150990014966107
 0.364859471826283
 0.9884374356774788
 0.2950106379552793
 0.183557379470932
 0.48106642457706233
 0.6663596763584574
 0.18586011113871828
 0.8921558768451942
 0.2904477636285349
 0.9443928791882437
 0.8813082246022803
 0.2425787881680665
 0.8737182288308248
 0.7023012264176745
 0.964623046603344
 0.9007522895935703
 0.5970932773766543
 0.5033370370526505
 0.7985584632021179
 0.34923680981119964
 0.6858024528649648
 0.913838236599154
 0.963421797688781
 0.554640168023594
 0.9895713700864333
 0.12350416287011665
 0.5284054550940196
 0.6890557195474655
 0.7610226597455436
 0.841209704774064
 0.22350524911820193
 0.0671123315427044
 0.5911952801007754
 0.4580370371500203
 0.6134989534567569
 0.7907111580906019
 0.6222424589201075
 0.5111079716641027
 0.4306535731678146
 0.2555844163315299
 0.855940853644135
 0.6975655728939758
 0.9801857618522763
 0.34802807031573174
 0.14492789252890642
 0.6394298659821179
 0.9581352191782256
 0.5778127411277091
 0.590210444103093
 0.09044613185825105
 0.37241129519995824
 0.5635609418915405
 0.6429319090875482
 0.8191177211790898
 0.8844138022905281
 0.2765370452667293
 0.40717312624080703
 0.4183029502715463
 0.3334162553462276
 0.741503191292986
 0.672822919894393
 0.9645441405310039
 0.8923711589967699
 0.2653661093978985
 0.3356826035937678
 0.8136851987865218
 0.4359997618179767
 0.9608424885016134
 0.2209522368949616
 0.22544031116433466
 0.47258690398772584
 0.8808850081548494
 0.4330994719327891
 0.4676740826422694
 0.6646525498780664
 0.4767296288054111
 0.9256413263388172
 0.748371027525687
 0.94642811331266
 0.6081483833995409
 0.7429396557355946
 0.18188316471962426
 0.8905482101210153
 0.8000271307304629
 0.24011445992631577
 0.8526954131446289
 0.7163699226530127
 0.36993212689176774
 0.3671191160413991
 0.7757643950524576
 0.8490513181542286
 0.7617814916939387
 0.36061249508550974
 0.3845432476068582
 0.7721343103666484
 0.7764843410237153
 0.7377421099402675
 0.9569513981495756
 0.8713801098388527
 0.11765446710291062
 0.917314080948622
 0.8214013236208826
 0.8610543682989917
 0.40240722173005666
 0.4388329614600319
 0.12947652397187264
 0.290641206684821
 0.517888476521656
 0.5667019627367622
 0.3768879875433111
 0.9977329044592254
 0.9438931515644736
 0.17022585788286564
 0.43360164963342334
 0.9889304842748358
 0.826685459970816
 0.8023718637425323
 0.7312974551372685
 0.4687639271695
 0.9232489140346875
 0.6696843051676098
 0.7379664542330271
 0.38784552770100794
 0.8921042447407284
 0.16755447758713482
 0.20264002038288864
 0.8677059111500651
 0.466845737009703
 0.4961426633857853
 0.6973991184017617
 0.38481792993136593
 0.5054823974638631
 0.9612295835098391
 0.21136743766785018
 0.559309151004678
 0.3238031156937606
 0.765319302801657
 0.3768070958912407
 0.6032819408938671
 0.7651053092745621
 0.7986953405657297
 0.26541355837388597
 0.6695890126608259
 0.7398800586535971
 0.22399849445745284
 0.6670301723140435
 0.44147322896936613
 0.30518933171648043
 0.7511287186067219
 0.7555320179348495
 0.6163707213086871
 0.7220257426248984
 0.25827873393813094
 0.5044121361358149
 0.808905433820982
 0.7205363920985424
 0.2342700999389729
 0.5889312044200166
 0.6039672903269379
 0.6802128558420634
 0.687294399965226
 0.7210130076953268
 0.6401835048292689
 0.1995558565480428
 0.7596791115867342
 0.5452018316114331
 0.888487117080245
 0.8978783801653789
 0.9874373711121444
 0.5654153622525815
 0.6429365065614396
 0.42804932665454664
 0.7514666356385994
 0.3174092827911534
 0.35783200932565706
 0.21852707588976577
 0.9970928424490116
 0.2827636719135397
 0.4577103433467962
 0.9391066768854422
 0.5135771722130371
 0.059274060958658406
 0.24341667426909163
 0.43164974825067886
 0.8916698119564305
 0.052364115674218225
 0.5659271772326563
 0.2472541396260513
 0.39526423630084095
 0.6193643430803735
 0.22267801301678546
 0.9002534403466871
 0.38718673977404194
 0.5885433493594373
 0.09367722132880116
 0.8640626553744369
 0.5683641494570134
 0.20592806027546903
 0.4798201801161376
 0.31805640557690356
 0.7896533268921325
 0.45624673136335175
 0.6148610596148582
 0.9236348610481409
 0.5013729723642455
 0.8974440243083258
 0.9398808798007111
 0.406827849339148
 0.7304869475916435
 0.47884528491592276
 0.7969761817701981
 0.9091089197011242
 0.2828597012361791
 0.4255433616347347
 0.26218115727518737
 0.934897039940067
 0.5396536093389865
 0.34047557573787656
 0.8217036673434562
 0.7456296054393192
 0.4516402146088146
 0.8963617123180823
 0.874984942039002
 0.7241110045575123
 0.27181965800552615
 0.5176199660252873
 0.47335810697328206
 0.9817311127585037
 0.49774626889161116
 0.17773285819111994
 0.7426301347290309
 0.6782790729209218
 0.9953989114590913
 0.5340020543588335
 0.7798462296276569
 0.04522378856559459
 0.2944237832885344
 0.7653527882720126
 0.553747043550828
 0.18745932620366068
 0.4947362718147861
 0.2081300710365781
 0.23101816034457561
 0.7635033724193943
 0.6932558675265204
 0.929864028203238
 0.13501088001532982
 0.35407884482018603
 0.8175021192606086
 0.7951985843457277
 0.1508081474112385
 0.9942382042735063
 0.5502437744989265
 0.6560229843743253
 0.017459380308845764
 0.6342889894891015
 0.558955643539762
 0.8748992848093152
 0.6546872828876074
 0.5203543453106442
 0.37935899443894555
 0.3294718754615038
 0.24799380714446023
 0.7714176412538708
 0.14859064428535781
 0.7320402157176473
 0.3094614213376591
 0.863875291386561
 0.8306531634324479
 0.29378242725216885
 0.6073479656629954
 0.9636183603031646
 0.45007153588816134
 0.3077618008515618
 0.8283687459902693
 0.252483970696332
 0.730449239970394
 0.2851005224907308
 0.8545747387942743
 0.30172455879008613
 0.46742754721428614
 0.2851454449282707
 0.9409404922467379
 0.14846628562010194
 0.9843981218451626
 0.32215047940712
 0.25127041444707215
 0.6370927705602222
 0.7474482128151916
 0.8579905652245462
 0.6258796410289965
 0.6478598291742895
 0.5676739038283349
 0.6058567935162488
 0.8348458708426196
 0.8730334943966163
 0.3197163160050829
 0.9298280327254106
 0.47016122404959115
 0.9992548257574693
 0.3633678636343072
 0.2541011827318469
 0.46669741927957963
 0.8253287526431161
 0.7406559521987364
 0.7653704553681289
 0.2422916989970449
 0.1448798906267061
 0.25673753719624975
 0.8102133545140797
 0.1464844858024663
 0.646039811124112
 0.7576792341925571
 0.2564332743903776
 0.9806534076019436
 0.468570387302232
 0.7800014238711453
 0.42343048826951096
 0.47627050214273414
 0.6082439866421019
 0.5129499682751251
 0.82506801976127
 0.17553053324834005
 0.6817435133651566
 0.9170646024016034
 0.4273320810065288
 0.3449239138722997
 0.2483927530461888
 0.275896921230432
 0.5850996356388087
 0.5565105484130375
 0.3767813018415036
 0.8132482415126862
 0.9861723598494063
 0.801789484639554
 0.3916037709878774
 0.8588479473995267
 0.7301565945754558
 0.7701491412102008
 0.7684502279704672
 0.8732031841637584
 0.9817137468055421
 0.632409639718202
 0.628219114489955
 0.9226382691052918
 0.4708816631561525
 0.6525907727668951
 0.18843582095039823
 0.8875851991062914
 0.9715429839545595
 0.7179223398761462
 0.21421169765024056
 0.277377488593281
 0.8847567139122435
 0.2694599256242904
 0.5095554557673426
 0.8671567505538261
 0.4662490574951513
 0.42606989579557896
 0.3242587901299162
 0.3450142122549071
 0.21162155233864746
 0.5274460687895519
 0.6196631363684606
 0.7341850390351308
 0.9943705373883107
 0.6760159912407473
 0.5621617894909166
 0.9392755112793646
 0.36468851126948764
 0.4565130410979097
 0.9309502647402464
 0.5934841360866483
 0.2931344400128044
 0.46677586453350994
 0.7200952292047885
 0.6316306234019018
 0.9960737816505479
 0.5432887970671471
 0.48012012279598065
 0.4614431925404088
 0.39263542960054953
 0.4743868002083092
 0.6165985470714972
 0.40729580107484752
 0.32208038909457636
 0.47689713983652043
 0.3051777368435532
 0.5048417826205688
 0.35375144893943855
 0.3527791344340793
 0.4234105731935291
 0.24395937395466471
 0.8345625281960528
 0.8799602905195023
 0.7877080166189502
 0.8616336639791884
 0.5764052013756731
 0.7074475841631405
 0.4065412417084635
 0.11247984963119032
 0.4034423414168144
 0.0955152004936315
 0.8379575144210629
 0.6338361677405592
 0.3664767164580882
 0.17877310662473236
 0.9544336800716976
 0.41486837054363845
 0.585895996813614
 0.4158139869178709
 0.6153905605503314
 0.878702344269819
 0.6767146343256881
 0.21481799227875567
 0.08338699777768316
 0.9902035282879154
 0.3933855839042857
 0.9855575481828103
 0.8140828840965791
 0.6110182302123951
 0.699496312299509
 0.6586474820313264
 0.8394481086355857
 0.6866616974522647
 0.7842994041667782
 0.7826227662072621
 0.5869698202176811
 0.37113649732020503
 0.47499548079212916
 0.9560256888885176
 0.6847952268015571
 0.6738613584422791
 0.49453748836858996
 0.9166011749844073
 0.3196257895415769
 0.790827359115159
 0.8355985944325098
 0.41061324053938186
 0.49551735357172665
 0.9095501564021923
 0.1643660497220075
 0.6068030681027113
 0.6587200263322885
 0.7719445435199629
 0.9524126895016116
 0.3582671093560136
 0.17801592078898842
 0.5343060745086082
 0.4219913624329453
 0.17016074269551823
 0.6064891387738701
 0.5083385727407127
 0.14580872363681374
 0.8784363829430362
 0.44836672369780333
 0.7726336784999044
 0.28736224164597795
 0.8886521452519356
 0.32289191601932593
 0.5641290772073573
 0.10717277876435441
 0.5358862464483298
 0.5267707992469756
 0.5986451307771006
 0.9861272952920421
 0.6821280630222185
 0.2793115394093615
 0.7065992149089458
 0.27952932565451094
 0.3507725657665975
 0.06546129382469759
 0.23810819412493522
 0.770095031554855
 0.6800111255981082
 0.31263709487981966
 0.21276250333188215
 0.2552132060542765
 0.6497966345165838
 0.6738118525938186
 0.8446960070844256
 0.19999700943007925
 0.6001280737575742
 0.7950121574080607
 0.7367831255014907
 0.49585659736574483
 0.8910928135696301
 0.25826681910933324
 0.8037228594551437
 0.5117759851327984
 0.6182049137159273
 0.9195143231747273
 0.4574371582164602
 0.23870842584348661
 0.7440757127218303
 0.43593953546878855
 0.3482099932377272
 0.29415759620915993
 0.9576250529650715
 0.47090179094621065
 0.7622947013761358
 0.7872247623685861
 0.4524626315815666
 0.24223591673292016
 0.7889415767457993
 0.4830508322841725
 0.44444998863360385
 0.9468878234489299
 0.8703487733240933
 0.11249707402312063
 0.7060177984209817
 0.25666950533942756
 0.7142255876745216
 0.7626933216409261
 0.6873395360947304
 0.8265138134483777
 0.6745105898354719
 0.7258470640638132
 0.45083632443604815
 0.7970653929733976
 0.22937315345246966
 0.22875742969510948
 0.8588069448521389
 0.6571923543499749
 0.5148114840569028
 0.8768290093060719
 0.10742933499041449
 0.6801469415333803
 0.44801151777990683
 0.3565256018920454
 0.8343563214104418
 0.9369426200804035
 0.5765204104951213
 0.9178229793989204
 0.22586191558552051
 0.23220698690610322
 0.8245656857847075
 0.6872845383767436
 0.9888749293931176
 0.8398130405413977
 0.22794699553770347
 0.85857073662736
 0.749196716840005
 0.19895143965210354
 0.40082343271971826
 0.9205550630672624
 0.5175254426978182
 0.4607293193976998
 0.789878375870119
 0.9504515929382533
 0.6067829573092904
 0.14805821829850701
 0.527364127350675
 0.36609093973696743
 0.36093282986475755
 0.9525001387821974
 0.40266296356109115
 0.1917506789750189
 0.7656966032300592
 0.38734581288292346
 0.07789187407022888
 0.940871400684524
 0.23190036589833915
 0.9890601472412516
 0.6891301231408165
 0.4459940269803598
 0.4646095530430831
 0.7172249146351706
 0.3886074899642764
 0.47198161751589823
 0.9415611054010508
 0.490113751492516
 0.7195248478648834
 0.5893003316546328
 0.7390157048306498
 0.2616989990517959
 0.8797916283271238
 0.3027602791333388
 0.8588268854929259
 0.7971105481018828
 0.753381730920347
 0.8430377850975088
 0.3098480701492393
 0.3334680823299421
 0.9538201831066144
 0.5153930484388923
 0.690385451209911
 0.3496723033719101
 0.7700236706389225
 0.5324192850070164
 0.74183189088564
 0.9957098994849762
 0.6223642787068918
 0.5575516612536983
 0.605179010566873
 0.7727700022388109
 0.4475639657804575
 0.7402072516457211
 0.1859188767084474
 0.9011022064374304
 0.6266126029317326
 0.5122635943406557
 0.6627043814224679
 0.6036282404342796
 0.3382199391434994
 0.9092248262880485
 0.6281393157914928
 0.79370735110422
 0.40635155653876803
 0.09273596871306002
 0.16788384130591715
 0.21306847530094374
 0.9376912049193359
 0.42692426644588093
 0.605530751499129
 0.45624453786585716
 0.1238272184151352
 0.8574484844028245
 0.37355789526997035
 0.5303417171958569
 
 
 0.15481992278006864
 0.42572811712777602
 0.904401257682779
 0.6370279161897617
 0.6814137580717975
 0.28437980105373084
 0.42481383766271796
 0.2649850441911189
 0.3569573756106933
 0.5897117713884039
 0.32517066901790486
 0.5556124811319695
 0.6260738355694683
 0.5841961821933258
 0.43439815949387766
 0.9524960538616851
 0.8068960883221106
 0.7862168876855711
 0.48518312414418135
 0.9483335901276833
 0.47106971273714176
 0.7994390084871271
 0.5666501104676399
 0.7056691436589086
 0.40207870379187105
 0.296187381025491
 0.7229151469762041
 0.8378770537850805
 0.88858638470461
 0.5419276592516934
 0.7562417508364851
 0.7300080325128546
 0.5223649096313701
 0.9964429449739134
 0.5053830993852498
 0.133721216783729
 0.9299534964514681
 0.7311347478680008
 0.2033701451510981
 0.7131922120289842
 0.280678264648038
 0.9359048699195984
 0.5240711366869841
 0.7900200724555275
 0.8506404789400475
 0.7802422348317884
 0.7639624308161261
 0.9282127816827097
 0.9380769917918729
 0.6183802843645123
 0.8875101251003846
 0.6197342275268091
 0.3958105139880488
 0.4761281272750945
 0.8894184450569652
 0.819161332174745
 0.5259745623571681
 0.8379274298613557
 0.8172758079214371
 0.541255479464892
 0.15841950814166105
 0.7001836355310788
 0.49348209490696076
 0.2780415216358572
 0.42962036325112945
 0.4735008949290499
 0.9290195388388911
 0.32899346208618657
 0.2214149016521006
 0.9679291365053176
 0.7955745473017793
 0.9032402799014192
 0.9873246827103775
 0.7081885322966562
 0.8250667715096228
 0.9248896069940595
 0.9085157130418885
 0.6559837278239357
 0.6695028826918001
 0.4808556559872146
 0.45085697614162095
 0.7810304450248514
 0.353230845673583
 0.8780570550719547
 0.8221201734254698
 0.7444070320317555
 0.2173324097494279
 0.5153806969595052
 0.38204118440954065
 0.9767090417801911
 0.18115160729789722
 0.8501034036046375
 0.7929245531526043
 0.2575823456317104
 0.30305809388079585
 0.4788682025758871
 0.3862295033811732
 0.4509974180026899
 0.2436515783628688
 0.6362012543884112
 0.8468289123600484
 0.2501135887345827
 0.7321576023624083
 0.8296531980529676
 0.5915739060340327
 0.09926493754576185
 0.9273180900268805
 0.41512204129953
 0.568009603660558
 0.3980538772875695
 0.2952061759751319
 0.800031153392061
 0.9885099197684366
 0.5804243583606665
 0.6035028238331445
 0.6847699192747334
 0.7832789118323845
 0.9652457819624086
 0.42768394687570815
 0.8564917574899694
 0.8801909649652385
 0.7288528397348026
 0.8627889939876225
 0.44344220419574637
 0.9863628961082372
 0.4268523056650778
 0.28937478344392725
 0.9537509036500709
 0.8226957458177093
 0.4153200842977128
 0.4006610853600601
 0.5641679987144509
 0.36104376090739115
 0.8311771707288813
 0.6245611473566672
 0.5089570374269772
 0.9632375531193046
 0.4358359902332705
 0.6948103210864638
 0.9497140485093525
 0.2880054324343826
 0.42376462729823055
 0.9638653653039904
 0.8321607120950524
 0.47812047981569583
 0.32953280272406204
 0.3507982238432385
 0.6185510884125489
 0.9895971466273056
 0.2519772527981445
 0.8677859443089859
 0.6103650278925732
 0.42098556199156944
 0.9274174265225497
 0.3895617621436536
 0.8716193270737398
 0.8865146852966931
 0.2937387597252331
 0.8265399961855913
 0.6228751802457846
 0.9648678771522216
 0.7633586180691416
 0.7703166566650926
 0.872965241956043
 0.705413320476847
 0.5215339293803711
 0.9892831521990169
 0.8024330139171485
 0.38745171944026435
 0.32523940039111276
 0.8114110322256625
 0.4980043332548834
 0.94219077790258
 0.7193202541299721
 0.4947240270649659
 0.6586193410487005
 0.8677895231953775
 0.8641724798661525
 0.47840089913383193
 0.8821607833179462
 0.17407693987436462
 0.42981619137796384
 0.8960010717138652
 0.8374384458351127
 0.7812327842606385
 0.9163827199099503
 0.13798101089800743
 0.7871120331283247
 0.46707120773711774
 0.4710666646580523
 0.4886774335469479
 0.5241221970059549
 0.26305420518063665
 0.712866916792871
 0.5365687365348303
 0.7070742781306965
 0.466956938741243
 0.5820800552526861
 0.5444105214646135
 0.4728725296784528
 0.5912343204446298
 0.6483047419452598
 0.5396968413794861
 0.7156184278966944
 0.25766518765951756
 0.9946030166440658
 0.5281012720559264
 0.34572435060782563
 0.8837796588818446
 0.6130382861537107
 0.46798926944285146
 0.5446621458254115
 0.47679576705060705
 0.666526459607541
 0.09209282518927603
 0.2715472589580098
 0.7020547607923182
 0.8572237699093408
 0.2752894227277905
 0.9702467046539516
 0.26996772124896184
 0.8733731425243306
 0.5117346592302128
 0.9047742301154761
 0.6855409037720135
 0.5997333774341889
 0.528507245624674
 0.48093378040051715
 0.2953602989648284
 0.8386628305719526
 0.984835539378615
 0.35384723141502916
 0.3184902250852857
 0.9552245581779744
 0.8667181064219766
 0.48739493018360574
 0.8266399347813054
 0.2691939123297082
 0.7699155937274524
 0.8008093460466758
 0.962061866820819
 0.7237077769933771
 0.8927043023950904
 0.6964315413015111
 0.9497270675141958
 0.9697681879949606
 0.270538636795496
 0.708360645318572
 0.14920207664799073
 0.7734082817441824
 0.6744474214382687
 0.3645667521583693
 0.7206171053557742
 0.8391054376210574
 0.6091572251213515
 0.6178208550986932
 0.7493146666089606
 0.8445983773770735
 0.9179853337434983
 0.5931321061649973
 0.6777286992770287
 0.49525534100609625
 0.7070277698836418
 0.574249692156096
 0.5298104330570484
 0.18909790515391994
 0.576681066107322
 0.327706992219997
 0.4562102986761417
 0.6189326560678581
 0.6543507491491506
 0.6913658030290926
 0.8031000134549574
 0.6458759441254085
 0.7982291250947069
 0.5002495047637492
 0.24605050582720444
 0.8596762448827161
 0.9929935867865539
 0.5631593893576224
 0.37563824177516536
 0.6979156498787533
 0.5750270920689345
 0.7137726406165269
 0.712407844333168
 0.4504703883316694
 0.8093726640145169
 0.8904624399218998
 0.10410376088884828
 0.7551842808980423
 0.21501561497106005
 0.0620826090975118
 0.3647198618691041
 0.38343490440558403
 0.3148741574095909
 0.14716044657265792
 0.2751422161586313
 0.11702300571697906
 0.6058713267584661
 0.7338005002279767
 0.963802114205343
 0.6463644115935842
 0.8526132044627394
 0.5949068084335452
 0.8793366713353139
 0.7954077422131822
 0.8181454410860992
 0.4126880262571795
 0.9057044019949174
 0.8014374515514064
 0.8896363235961814
 0.8271526703737458
 0.8511261301353229
 0.49962536315416233
 0.274944074114293
 0.8536000966809689
 0.27371520724786224
 0.432626178456762
 0.09837640081456706
 0.9753775359482401
 0.9218720680204557
 0.2342007856043991
 0.9679980352837583
 0.9849426572140969
 0.772311181701865
 0.24720902868882246
 0.3379383840309168
 0.3088501881849254
 0.575612715666933
 0.5532576551908895
 0.26963633916789486
 0.7300333968503555
 0.7237912724836688
 0.38830977971121205
 0.8325050111080081
 0.8823738194454338
 0.7870690417881445
 0.23152891678341144
 0.928802039627359
 0.9966830859410964
 0.5336643389117273
 0.8860508230915528
 0.45440796253011023
 0.19153141341709123
 0.8472585288096494
 0.5020097926734064
 0.2127672583389875
 0.7541114153126773
 0.5817477581937552
 0.8473804170952087
 0.7342422129280132
 0.9686976829397946
 0.966210375896753
 0.6170853605107801
 0.24683587986362906
 0.919762567998731
 0.46474126594361925
 0.7267657861703848
 0.9717754043507281
 0.7384938783657241
 0.3187397239351366
 0.8367410103495891
 0.6232936486710297
 0.560306205768281
 0.7140332408314728
 0.3113380382821607
 0.4935257231786502
 0.37135670486435123
 0.34376240221027393
 0.82984860363875
 0.7643903442492664
 0.3265345893458157
 0.9890266840760721
 0.5011335292370681
 0.547914709405934
 0.8055156612328791
 0.6746543880434029
 0.9083893021142062
 0.7627480763302874
 0.8400582555402344
 0.7267610623160194
 0.6766904357712203
 0.44501096436055886
 0.7113997570757753
 0.9433898293149611
 0.7059804852148424
 0.11757493327258861
 0.7283911275343933
 0.47707348357749806
 0.6174797054927237
 0.8566408855172996
 0.5818694230550289
 0.8242949336414668
 0.9605525831508231
 0.7524176505172706
 0.9212773787888131
 0.32264398803126254
 0.2766836499221083
 0.8050517572579213
 0.27437534102908123
 0.553442943400444
 0.6772921590028759
 0.924605665879606
 0.7512722374644468
 0.8533215232907433
 0.3641594558787343
 0.9888228367030727
 0.9592744357694288
 0.5279652841519403
 0.7273903968871526
 0.1948200023243296
 0.49260426717465943
 0.564635974245442
 0.7922129895036168
 0.9410462215268268
 0.9473815242514857
 0.4339089891565541
 0.5836645776795526
 0.7729075685948634
 0.8466542721477592
 0.7492878619345315
 0.87693100090927
 0.9431595347557026
 0.4757889490461856
 0.2983117170624024
 0.48949616350675773
 0.6980426718471772
 0.9828263073613988
 0.9309064798200994
 0.45940958878929244
 0.23295510994873713
 0.9248852332704167
 0.3953170728847931
 0.7622600859321004
 0.7378328215041354
 0.7389664884372457
 0.3818429686510204
 0.2878524261004534
 0.26929567226641615
 0.9218694602241131
 0.589665294340656
 0.8515595192795435
 0.852780093090972
 0.4760431475825808
 0.16105132841554045
 0.7352802627884224
 0.3212844223814479
 0.9777184659511403
 0.24793414834324928
 0.5513210531563133
 0.39464119979862183
 0.878608308396586
 0.2536992844909891
 0.15257433739145023
 0.4572050381718227
 0.1892387706270623
 0.9651012833533353
 0.9114296288282746
 0.8212796534976362
 0.794763928416541
 0.542897322141983
 0.11350686723064037
 0.9988525008777402
 0.9861368601145861
 0.5354773176067867
 0.852107048431461
 0.8109707141811823
 0.6532802277027072
 0.44781995734564022
 0.9557456631938677
 0.9807460660490888
 0.632296175757561
 0.2677432925755826
 0.9630452864631289
 0.5868190058911307
 0.845606394412744
 0.8770410777428381
 0.4671729530520611
 0.5013889865956217
 0.5691602914450505
 0.9770214113765494
 0.8385486782707969
 0.8420981810158575
 0.6132606043076424
 0.38092438233128006
 0.017445951475503762
 0.5671553295418413
 0.4589959545801374
 0.9060130681404908
 0.9218178043709222
 0.7019117917874418
 0.7049330160510412
 0.25489087354153894
 0.2832606456630216
 0.9068732052607806
 0.7681496467293011
 0.7930462470245768
 0.9917732861786026
 0.6867284323027026
 0.991274164054205
 0.9384597804576438
 0.9280187264215285
 0.26693592391299814
 0.9607033259052334
 0.4674168684833762
 0.4461523213173042
 0.9722408566029003
 0.6014331156394597
 0.42663212885457635
 0.9371479916559288
 0.4962322622520068
 0.2362051824276361
 0.7463864539500263
 0.29653728878895624
 0.43217183204003206
 0.431765153739492
 0.9608746393401522
 0.21942911591354258
 0.9058136715115114
 0.9964506051952252
 0.7696218528177691
 0.51847961955633
 0.9702385070129478
 0.7230547156757934
 0.5841434813030733
 0.24703914716236274
 0.90589266084409
 0.7987452753813684
 0.5335675119113022
 0.45480871426631175
 0.24743756742562966
 0.7074829104856974
 0.43027169556835292
 0.5737076186918226
 0.5521056242064131
 0.30763744986971702
 0.6101027248474317
 0.8607400750092884
 0.39171692430587345
 0.8797667846455084
 0.9009351994380983
 0.8894452718037388
 0.3043970966732119
 0.25398971962462624
 0.9904111852359077
 0.9046961260050053
 0.6514080129803199
 0.6899800102645439
 0.9853395918781587
 0.26912060928024356
 0.33248556802630696
 0.8923332167287978
 0.7107195892421155
 0.35781396606835275
 0.4252048727242301
 0.5505716368791517
 0.8329363523670175
 0.26478143197706943
 0.34591140213697763
 0.7358941046222549
 0.25223323649365125
 0.11183601110793473
 0.30765349930508684
 0.1418783872583314
 0.8501051033614692
 0.07392089114241347
 0.8865721155361141
 0.36325934220257183
 0.5395593674106331
 0.8027797544388006
 0.4438340187276872
 0.6275796284096221
 0.4968988358960013
 0.2854311135064021
 0.16983350174028127
 0.9791088206130589
 0.5343954513940942
 0.6902620619583233
 0.43338781331357895
 0.6139096659672957
 0.7254798273674583
 0.839908837266224
 0.48247290955971583
 0.9811979755206023
 0.7740011606244379
 0.6386752390482814
 0.7933366943119727
 0.6156332854254326
 0.6783813943985765
 0.6737020586029171
 0.7318642499073708
 0.8972410230418864
 0.298648398555186
 0.9632329049348985
 0.4941065796157842
 0.8213227159908612
 0.2903362905095966
 0.4572392467675914
 0.8954589867943242
 0.9677081935888663
 0.17858694702321034
 0.8807062804609102
 0.6605138443692182
 0.9117037271669619
 0.8442800264546089
 0.502307228605406
 0.3684951990696113
 0.4209916589413729
 0.677587546071777
 0.20369963306174601
 0.9128918749805971
 0.7600183693505911
 0.7868386676939383
 0.6561918667313605
 0.529887809990853
 0.3928625399213576
 0.5815894407600114
 0.1875423150079057
 0.24609683493436168
 0.42013379881164703
 0.71361922408157
 0.1756678360401036
 0.7222698096755287
 0.9860463184705222
 0.6333057572754597
 0.8887312631535957
 0.049416275904242024
 0.6840019714012752
 0.8914629661904014
 0.7240688610934044
 0.2649247188889071
 0.7742697212725271
 0.42163744849229134
 0.38396920030190095
 0.5144558659822009
 0.4823436470620074
 0.7509227561070222
 0.7395389018764433
 0.5484097259344577
 0.025587381015339263
 0.42940627975827344
 0.37278334711342275
 0.7638287539891104
 0.9526402527245882
 0.5408024974357348
 0.7710801067627407
 0.23963611900789463
 0.9149621385219331
 0.8882614764330268
 0.36751495663426575
 0.8072297593612362
 0.9791462576850997
 0.6528895098030985
 0.28619746746783952
 0.5609687380310935
 0.6599340641684525
 0.4528302117962534
 0.3840062443092495
 0.9484387609401901
 0.43654874965387813
 0.5444059699049246
 0.6756100793255542
 0.6367913598366042
 0.21752757281881188
 0.929268992147068
 0.16904257231813066
 0.40631536781150634
 0.9844577222524481
 0.4825167868204956
 0.9099763606721425
 0.7824258662678423
 0.4314185633936053
 0.9252303545946399
 0.550992376707025
 0.8821841655681769
 0.7181056961501509
 0.26383321507081064
 0.670057137017165
 0.5049402480502336
 0.9709533731783524
 0.13619588703671314
 0.7499832269968386
 0.42801365839690574
 0.5135104186430156
 0.7630636005956043
 0.8327647568344907
 0.3164868950920587
 0.32250256478903
 0.6080580709073965
 0.9830959458291044
 0.29030419033500554
 0.8388080527255345
 0.7959451637211932
 0.7943592960919996
 0.6933878494861477
 0.49415126903641526
 0.6475799726543853
 0.4731833907650706
 0.6209879827317724
 0.6775955653645082
 0.5069934653616479
 0.9117645128219223
 0.7680878494251929
 0.7760189424622892
 0.8350662857923034
 0.28376711866993786
 0.3615551001213281
 0.5787494298437373
 0.6523176486381876
 0.510067367884362
 0.24449279100843351
 0.6122894655039018
 0.9102302012547061
 0.5990142788267758
 0.9519562903567942
 0.33192285645377
 0.7962491090857651
 0.9783067832599892
 0.5553226142448013
 0.9504354659702797
 0.8692512786804009
 0.8832714062106198
 0.971333118235382
 0.41510935012023364
 0.9963124892657212
 0.17553114247300244
 0.37366864004808902
 0.3998539439401842
 0.994131726955125
 0.7233202317372523
 0.358434370373578
 0.9525327890424676
 0.2415107143770487
 0.7946996201736387
 0.4420059789167744
 0.7177561791230722
 0.8958823593314188
 0.9791153352144712
 0.35353148107115683
 0.44801124406420206
 0.6794738619492734
 0.7085776225238004
 0.5084161938207299
 0.8515546441318258
 0.818789895586106
 0.8485964053071086
 0.8501391998725661
 0.4572262400096402
 0.95708522776006
 0.5306089279850054
 0.5328723718565296
 0.978629155679899
 0.7814787839453102
 0.06442360201125191
 0.758519083707835
 0.831688236972172
 0.8682195597180251
 0.6899423885112363
 0.5458562531256379
 0.7411553154891148
 0.46893377470268576
 0.18642748169900263
 0.31757412069364193
 0.9691298622494239
 0.323806879354551
 0.7735301681670965
 0.33820726016452856
 0.3616292408023165
 0.3875075548829083
 0.5090904170223929
 0.39805767596608854
 0.5766558301992044
 0.4279075198005456
 0.8413126746384951
 0.43819690944542954
 0.9426917540573941
 0.7239592220280133
 0.20962180723884216
 0.6379343199720301
 0.33986680784256506
 0.42075552601402432
 0.6009190921675968
 0.37649028719239413
 0.8237905716168649
 0.9291857190566072
 0.3639563999902255
 0.10384210730150441
 0.6361746613104713
 0.4630757408975976
 0.8482496921663406
 0.6405872861112408
 0.9156434741409698
 0.8512538281973704
 0.8467510725123583
 0.3268419217443289
 0.2004405664747769
 0.7855421252947032
 0.5956825222334275
 0.793200204518251
 0.7344959262453465
 0.8042751091086655
 0.19170706523196212
 0.8950794216688158
 0.5570159858823827
 0.7552025826904933
 0.9273983754345206
 0.7419856779007175
 0.47857619783774785
 0.4244075671417673
 0.7547731488266833
 0.7300586687540911
 0.3721124186981993
 0.6731715967288105
 0.5218986549982325
 0.9107174914845815
 0.328693912703867
 0.8069707097518123
 0.7351732541505125
 0.8723835353610961
 0.5222840568154509
 0.9261124458285573
 0.8382769240710312
 0.7891851064233039
 0.7986915060312907
 0.307164252180217
 0.7508234044307949
 0.15722810423803862
 0.7364454318473327
 0.551886983752198
 0.5502847397934109
 0.09782391842353344
 0.15828582470225424
 0.3470395730096102
 0.45750294484081815
 0.7163824587205342
 0.6738201000605805
 0.6793259379357686
 0.5413639280672018
 0.8751177111524707
 0.6148616020171257
 0.536418990062745
 0.2652571577416999
 0.852935796022851
 0.37391973518483334
 0.40530975037501643
 0.8226980576863038
 0.29548070407262116
 0.8064965517756048
 0.7428714812932864
 0.518104329434272
 0.7566527682620348
 0.37324556525482133
 0.3856458256885622
 0.6264847485937572
 0.9748343730693845
 0.3966984911806409
 0.2980875915373152
 0.5498356510651465
 0.8754020906404602
 0.6239567424747888
 0.6503591341201029
 0.35496737545121803
 0.4220431025242635
 0.9965822719952943
 0.8153717454594427
 0.9012015949474658
 0.8248897446901026
 0.5732565898323695
 0.7082934035026903
 0.8527948967892653
 0.9150716523710041
 0.7027643944149671
 0.7361410367005228
 0.45630186142227674
 0.7114244151913678
 0.6048601013630908
 0.6149372081807523
 0.2570627572746309
 0.8633788773619473
 0.7625848364842054
 0.9248471955418808
 0.8287832450255673
 0.6769751546797227
 0.5560439054183866
 0.7043392124140349
 0.5395953851470702
 0.4623538719314868
 0.8268147148782454
 0.8959624265301799
 0.22794013816301711
 0.5546125114218391
 0.39014447768691196
 0.934543133682824
 0.8090570244980313
 0.5584194185949953
 0.9678387319053703
 0.5837688471115052
 0.6713569324330224
 0.938840123284068
 0.4408884877063747
 0.3036796788236498
 0.37784875350904134
 0.5462327731057219
 0.487270993686873
 0.7577103922412314
 0.7840203630663549
 0.3961424469929853
 0.8326414646267151
 0.9249601272051035
 0.3446835410057953
 0.6165564656800387
 0.931939275810467
 0.482497834173263
 0.9969284955397845
 0.5701641533384862
 0.12274605469906039
 0.5820766328750535
 0.6704569450442018
 0.6251537202508902
 0.610490052779433
 0.2834929040556276
 0.6630903873886401
 0.8517395841198693
 0.5133064987199876
 0.389031860739473
 0.9740500197625019
 0.5022800547081419
 0.3469360226052516
 0.5283829583452935
 0.9752051458578579
 0.21853104206665036
 0.5988024724176165
 0.5118497997577532
 0.2442086334546137
 0.254890846812581
 0.9006689441859111
 0.6327950858198084
 0.5466571016920064
 0.9445050075857455
 0.9791969924136981
 0.2914709705354045
 0.7046187825056812
 0.22089517890517373
 0.691895148014601
 0.9085462718310515
 0.4869868868901331
 0.5418064147428638
 0.40704939687021485
 0.8550717615778892
 0.9737655818340208
 0.8558341199326487
 0.7138506081951087
 0.583180049147075
 0.815370235832115
 0.8156021266782664
 0.9047290429494946
 0.7333891979108516
 0.5486873231123611
 0.7331599720442481
 0.9420026437109349
 0.6766443372129667
 0.8867646226597786
 0.549073641397559
 0.364985949110699
 0.68418625652985
 0.8612446452776182
 0.6593465032797992
 0.14501002800884188
 0.3832442850727793
 0.5004596050365174
 0.7929632426206783
 0.8688622800953979
 0.9578775394511772
 0.6576305105619278
 0.6310219753678057
 0.747188659267122
 0.48065960047797284
 0.643863166516583
 0.8360722887963391
 0.8896051334168782
 0.6920998399109113
 0.4246411209109431
 0.3942656747970107
 0.990377260181297
 0.48917970996777515
 0.9792561543543151
 0.8473712214023669
 0.820549781117844
 0.24711124182078597
 0.2366687875877455
 0.3058915089377629
 0.5286354847851376
 0.7238700898941002
 0.37637187036516706
 0.6911493078298633
 0.9273250766691408
 0.3273989595134738
 0.34270475969775804
 0.7928980684340458
 0.6426422610146197
 
 
 0.5957907351645598
 0.7240407699365354
 0.8083928404880657
 0.9306850739897623
 0.7227243038931507
 0.16969840669524796
 0.6324943286518069
 0.416198560463357
 0.8281195886098408
 0.9483567535171084
 0.611041895072461
 0.37320500657577326
 0.7919288669209598
 0.5426481474855207
 0.29999754633754383
 0.9058291912571661
 0.8049283157591376
 0.9359801161736154
 0.32000547550618896
 0.6820228258529787
 0.08939269957570004
 0.7315414718964792
 0.441238496006112
 0.521184281176508
 0.3611599820019491
 0.41608475661654253
 0.3702239768440945
 0.8877571287507918
 0.8066027536087688
 0.13003301593942245
 0.49835371114236953
 0.6215815729562105
 0.9943801043994632
 0.819237960697728
 0.17471546930014847
 0.24689121704869484
 0.7160538989659649
 0.6305014654670384
 0.3817213415083108
 0.6933149713991748
 0.3850592399877772
 0.7071228948920604
 0.7972699871274037
 0.9572563728584241
 0.8316887051480303
 0.9848703296318975
 0.7632666014895153
 0.6910675393375885
 0.9817593182352183
 0.48077493327705883
 0.9168358950022778
 0.7990535338404835
 0.4555282682438977
 0.43971346492865737
 0.9220640399596024
 0.6627786787984794
 0.23229304441823314
 0.8421813903107228
 0.9721116547808565
 0.8525395438785383
 0.602927325620748
 0.8771133912154998
 0.5679926579669083
 0.1332705962160931
 0.3856011553600437
 0.7360616692509789
 0.5268733362326743
 0.3956711909713556
 0.5233843555782846
 0.895671217467483
 0.9363235922233769
 0.6385615776938213
 0.8844424556402686
 0.5207246260348358
 0.4372426739601619
 0.7885712589549698
 0.6162876990699618
 0.8054132897897689
 0.4970214262125184
 0.3256934809618137
 0.8329426055461834
 0.9307892954586026
 0.3051767126681175
 0.7558988680392037
 0.7638191874436193
 0.8598320943582023
 0.5210310366568299
 0.7905818218321458
 0.48739533884795155
 0.656900659276592
 0.4750923511456197
 0.8196380066311166
 0.5168047847770175
 0.4819364142985719
 0.37400789832417274
 0.8230942605170866
 0.49813169296743914
 0.6470993665731976
 0.11937106676370415
 0.5367953180041145
 0.8080054848957833
 0.6441255500745612
 0.3178296268534987
 0.6327823341045447
 0.9483256142345843
 0.038481055031754515
 0.608254724511995
 0.07440583658144112
 0.8777953876079034
 0.23708283618888031
 0.6420537355086082
 0.7696564467948191
 0.9882228710633809
 0.6159597451872933
 0.5052887929628083
 0.594880925582201
 0.5547997849782927
 0.8214826615627306
 0.9626341313881028
 0.9302751457925301
 0.9111818895727312
 0.8079337614625386
 0.9102168230853124
 0.42063530549436606
 0.9410813281969541
 0.6712109080847405
 0.4974170708085492
 0.9863260587613684
 0.7922566549816431
 0.5899117253208119
 0.6473473803360703
 0.17837653876206677
 0.2695170880619052
 0.6666352917750531
 0.8106466934134467
 0.9007086390167052
 0.7775425662182005
 0.6592078128173985
 0.8693930481883667
 0.9021289888313636
 0.4372409436559495
 0.8436650209332185
 0.9116109595222452
 0.9034738983975135
 0.3006461240354211
 0.8930718030282632
 0.7294222438379299
 0.8018806489658916
 0.9860795241250093
 0.6767533834915392
 0.9668628422389102
 0.48967578485127316
 0.6515845765599911
 0.8224880143639108
 0.1581268283809194
 0.9425459195126529
 0.43134628805860225
 0.1605224522112509
 0.9031571435756783
 0.8855684377185853
 0.9586855563142735
 0.5844999602457975
 0.8825822166086092
 0.5030127865742026
 0.6457536304582622
 0.7769491015826114
 0.5486039027332353
 0.9491843426363471
 0.4382939445033174
 0.717202584080958
 0.8411052597878059
 0.28148511307383206
 0.7821590714539209
 0.898163815726602
 0.33367555385160974
 0.911566989641435
 0.8289297573868792
 0.9624435224861104
 0.6721754410174564
 0.9952747419920165
 0.45383408314261325
 0.17232145321197864
 0.8094718430701046
 0.6611337752366129
 0.9180180932013404
 0.9867656881393705
 0.3751441886532791
 0.7972883320400901
 0.7192743498921742
 0.5611951453430559
 0.3509510140637638
 0.9826907141984864
 0.3836621111648446
 0.4980317132538331
 0.6092899942348196
 0.8034510635321269
 0.4092337189285242
 0.6562117382680119
 0.4995776480993154
 0.6298688679141311
 0.9667668870495478
 0.622182302233848
 0.5711289511859083
 0.4483726866302881
 0.8074718466529027
 0.8688991709001825
 0.6353177710135083
 0.5279179677497214
 0.8222048013574464
 0.540742158675912
 0.6047477277017888
 0.9712168185371985
 0.5605153478032516
 0.8243016300836119
 0.14754960548484216
 0.6337916957837493
 0.6781368667623664
 0.9415016724921302
 0.5203010702600243
 0.6484494668657189
 0.6650203812704517
 0.5926128143875921
 0.34510892948373605
 0.9875666989886978
 0.8785405115124493
 0.20704628797576105
 0.9818375039761128
 0.9130202797767799
 0.12827165402857193
 0.9376913584478626
 0.8497716205426359
 0.05980657942584083
 0.11642957297918835
 0.8297604105573895
 0.9452612290369636
 0.03618400787756951
 0.7293902352123472
 0.3329557436206172
 0.7042053470873297
 0.9543744502376648
 0.9149069901159533
 0.5810728402720168
 0.989668742609056
 0.9388843312109283
 0.8803120165040308
 0.9047745903976143
 0.43010302364365343
 0.7223509326681268
 0.4100835250271876
 0.8334591083384398
 0.7222132451470068
 0.7619278890834786
 0.8621389611913544
 0.6989627472585822
 0.45452061270108473
 0.5634846391917602
 0.994301442473336
 0.5282216841952044
 0.92819697318049
 0.858972552120207
 0.43457105040297444
 0.1995222403199982
 0.6410393445012343
 0.5356691553423503
 0.3796014314422389
 0.08868509302320195
 0.5847667364798331
 0.5033896562659131
 0.9942521234016177
 0.750338834640728
 0.5156981076652639
 0.4434101027173033
 0.5657690125823815
 0.9646577352959004
 0.9704382834352733
 0.6288837777119523
 0.7795575911549654
 0.6737653429497805
 0.7548048565885072
 0.7450042126909848
 0.7473844737966473
 0.7433016386084732
 0.8669182117874354
 0.7461590138013281
 0.8523878860065656
 0.30187710193073236
 0.7594954087210337
 0.9739230557223423
 0.2752763709403929
 0.756878513403646
 0.13834935940725234
 0.406077059640585
 0.6185760623861923
 0.7416733409937812
 0.8426284693845683
 0.573723933181597
 0.709706593123128
 0.9421900865352668
 0.6496322759192585
 0.5399633899982847
 0.9646331720820784
 0.777928099212203
 0.5352277746588122
 0.95453146181746
 0.6815198996483908
 0.6403780748324368
 0.746225684576773
 0.5451865337999471
 0.7175244649488121
 0.7709403768046483
 0.9726263087115372
 0.8107917161243002
 0.7680608669612841
 0.25502929205774743
 0.432521741014217
 0.9254496827840103
 0.2555048303471436
 0.9302422510135188
 0.22566150586384425
 0.8244781148733934
 0.9148266603773586
 0.34801125994325204
 0.7629421372725358
 0.9829706930476102
 0.6853516489664802
 0.4918160397986957
 0.6219758798470608
 0.02208680055201348
 0.992740655361088
 0.3832689689394408
 0.08606518850944243
 0.7947610720967692
 0.7138249603630157
 0.25054343270628864
 0.41496640281517382
 0.6522822947950486
 0.9889359750733414
 0.06876564750856046
 0.9797639999444426
 0.8249226888757774
 0.6754884061755094
 0.9612412773357895
 0.7974233551870212
 0.5078152879643324
 0.8582710604454725
 0.6586433825821822
 0.05920472627468631
 0.7012804721488061
 0.5680345458295353
 0.7709125480013496
 0.5900947242463449
 0.7571134264381199
 0.41522077318058364
 0.8589619765332723
 0.3173203061415443
 0.7919817669279793
 0.2585386473026774
 0.8262353144708257
 0.6550697956490662
 0.621261482369742
 0.5034808594284024
 0.7968466584090363
 0.5785975029126726
 0.4110725661791272
 0.3479778131227838
 0.441896002293516
 0.3332288242565603
 0.48719640625044524
 0.7860920168860314
 0.9655860772661802
 0.6932709627753454
 0.41187467114621495
 0.3791873589992463
 0.4779541942188303
 0.42587471461197135
 0.7269447654611174
 0.6197899845055259
 0.7568542770840481
 0.6789766534599362
 0.9885722609649287
 0.5884353223668574
 0.6399267214536324
 0.9185061833441752
 0.8874644413997718
 0.4635401082986686
 0.9095608541786484
 0.32519708300251393
 0.8723266713658011
 0.33146317919318724
 0.2959259672071439
 0.9422255690406196
 0.8172451438462567
 0.5725787021092039
 0.418241081115902
 0.8790925132944678
 0.8143246375091024
 0.7324644343613015
 0.44625359133177144
 0.745524143448809
 0.5699238137201984
 0.6216266030080742
 0.6465802862525827
 0.36976271889627093
 0.680744413184349
 0.912528294284143
 0.4067018095435117
 0.8473273934551178
 0.8510227834577779
 0.3993284850378188
 0.7701325456007068
 0.7741632595537988
 0.7169616920486847
 0.21613008282898443
 0.9943197899005932
 0.764000055782497
 0.6965423204454322
 0.39039623299166387
 0.5272448584564244
 0.6127828752215871
 0.6027274474048652
 0.9175156639039124
 0.7243270312549204
 0.9503923902522738
 0.9215982929904005
 0.19551098802849234
 0.706332429501383
 0.389714330988803
 0.7066357779347504
 0.5853082245613016
 0.8111750684264936
 0.13226791048993727
 0.8489819595818325
 0.4305608045452094
 0.4886021881776873
 0.8346160981965329
 0.35221529251533323
 0.40956243942937003
 0.4652934124065996
 0.8365057493730009
 0.9866893256952468
 0.9224516501289103
 0.7176352759905326
 0.8958802021555046
 0.4066438614421727
 0.22603896936682918
 0.8339730885038027
 0.32761500139144006
 0.5083553667219148
 0.8244585238511016
 0.8301412901515799
 0.9125402270408999
 0.9222924296847979
 0.4204446169177277
 0.2771513834489283
 0.4100414898293286
 0.1183813414622012
 0.6959110001083053
 0.9362144540698334
 0.7265382908408241
 0.9483313781900015
 0.5593254550636395
 0.4314826813207396
 0.9948301617963381
 0.7812262087507298
 0.2666117233068734
 0.7982299926216853
 0.8060919140028264
 0.6791942593544696
 0.08221054164795691
 0.9179313454860505
 0.7576184207841837
 0.9581738406131854
 0.7815502643033633
 0.8725094877986745
 0.7987919943867212
 0.908743904628206
 0.7313453465380454
 0.7200045458599947
 0.47898964988020686
 0.8359042153395266
 0.8750455971691036
 0.924582771875236
 0.6944594999749489
 0.8394790539701836
 0.25642546837051644
 0.11261878763913113
 0.7437332595436523
 0.3036237752081936
 0.30955851306652626
 0.48882526526638564
 0.8738207604614183
 0.7833312947225434
 0.3681769602318187
 0.7586474916239493
 0.8616472734891101
 0.8610944528417177
 0.799609712138591
 0.7760070389490609
 0.7996269855180883
 0.8838969371672241
 0.9384187769323675
 0.9026376308885578
 0.3975344316556743
 0.8813117308455111
 0.32673707680159114
 0.2788752993004748
 0.79912210465368
 0.08565979738983284
 0.2519806223697867
 0.99991684309203
 0.252511297935858
 0.43022043128973846
 0.9723860029002589
 0.2747655174577448
 0.5851283285697586
 0.6283601026182809
 0.8787522475601878
 0.22545397985980572
 0.5970941746128233
 0.4781446777648031
 0.9244918422421868
 0.5801747698710182
 0.6794834773426335
 0.9831567947674346
 0.8543382613241384
 0.6835686116402824
 0.7852372998768641
 0.7946641938270371
 0.5951835423685533
 0.842952022768069
 0.9094969776503262
 0.7576874190744419
 0.2562726401985963
 0.7340333809303275
 0.7630354467141603
 0.6552561612125746
 0.9461190246260347
 0.9181808671533039
 0.5259144667191034
 0.6706153519314784
 0.47236668419668736
 0.9563359120657365
 0.3791834760826007
 0.5841422593147223
 0.8759145837630675
 0.7593329649229222
 0.8729234853633328
 0.7914030124858967
 0.991174341315019
 0.4286998137499668
 0.6698376955324032
 0.6235886981820634
 0.5032029482085273
 0.3791514222878739
 0.1514903402195735
 0.7397432850393202
 0.5628977241287463
 0.5175449684809634
 0.25145281658109885
 0.8533756055186389
 0.21387422905018266
 0.47296281884096724
 0.4237752065173234
 0.2531786387102578
 0.6604873967172984
 0.232514230922104
 0.9474193133168942
 0.4853076053714881
 0.6229949024612988
 0.9288475573197231
 0.724428034678301
 0.03830897944900616
 0.7497872076694791
 0.29069954221635074
 0.8176624984097026
 0.8664521434653795
 0.5725159413518925
 0.4532877099017092
 0.5569508345597193
 0.46362648199481265
 0.7040940285213728
 0.9673766236600356
 0.7282186511569741
 0.8908360409042031
 0.7640973505862512
 0.7127262939292597
 0.758429074966548
 0.4373179219371256
 0.780732193068011
 0.8195284932011405
 0.6448129887901307
 0.9533075338943436
 0.15826175536879436
 0.7046647233444568
 0.7630194974891001
 0.5107141455685318
 0.2281571006999153
 0.525874923554191
 0.8675304175669005
 0.6801484203804978
 0.988516576815637
 0.7850736129959458
 0.8116329172680303
 0.957969440081143
 0.8419492101026461
 0.4435101823618216
 0.5171942346343744
 0.8104783996057128
 0.3867162472972255
 0.3274545064789497
 0.7895976344075045
 0.5994410545096924
 0.7991851875554701
 0.4485474345965995
 0.9399067476577625
 0.08200838788506033
 0.926110889914497
 0.1395134249886096
 0.5582760129395294
 0.3777313808341193
 0.9626810343296645
 0.1393911447559441
 0.8253530418152701
 0.8272798621688412
 0.938726490195248
 0.6532429626459461
 0.6970250152503256
 0.7628247358197462
 0.9624981555913106
 0.8063307861361331
 0.14237492961919631
 0.9057987486970606
 0.8207898982431696
 0.6186577723914094
 0.8092195827091203
 0.3412026462802677
 0.9548279910603668
 0.9495417359050091
 0.44371692372659066
 0.22622772135130464
 0.5806805944911578
 0.4930719121792689
 0.9080536128990604
 0.8260672486508582
 0.9608873360608181
 0.955700846414874
 0.22401498482749551
 0.6951023595384802
 0.9516892216409045
 0.6884610887097479
 0.9659759552059584
 0.7969934123088573
 0.7164603806177436
 0.04467804117346087
 0.8799759985785822
 0.48644599681088995
 0.3786908295837656
 0.462737520068296
 0.676803244499864
 0.7596752019411305
 0.9792823329005774
 0.5007127415392143
 0.7174190253566108
 0.23827219881968228
 0.9019616968938904
 0.5670177636514501
 0.4789060166473063
 0.7297090140775352
 0.4298509702225449
 0.95021202249928
 0.6818690147166461
 0.7258092537176841
 0.950955614191925
 0.5708032097065834
 0.905955762744861
 0.3896675890729143
 0.19107251418338733
 0.9498898393241179
 0.8799357990640849
 0.32088295450475234
 0.10833098055251486
 0.9514225094352955
 0.39984680786721704
 0.4366871873553317
 0.9060921109775509
 0.879162818602828
 0.3207018517054162
 0.23091674802401873
 0.6049085695319387
 0.9925386331009389
 0.5615891275282898
 0.8719584213904839
 0.6630907670888542
 0.9978749595106928
 0.9507271159210834
 0.5736204143025073
 0.5719273126553404
 0.5195467685905968
 0.7429701640470743
 0.45934058984710907
 0.3597144917397362
 0.7815115322738473
 0.15018009755303157
 0.40024901577283134
 0.9457460649058903
 0.5084539949933318
 0.3982439678154159
 0.6127748404689012
 0.6455407429232916
 0.5396919633446692
 0.7431504328936106
 0.9983816704705273
 0.6062386724661286
 0.19937693686195487
 0.952284081677107
 0.7533491498573444
 0.9335423475753245
 0.8129795299903397
 0.8046772387366169
 0.9983311203300635
 0.8294324863839115
 0.8379303328403881
 0.9951831246238126
 0.7844946439771419
 0.7807632222682063
 0.3936680740181674
 0.7172386671962399
 0.1705266153302634
 0.8923681834677085
 0.8967783812418478
 0.5226962886390725
 0.925908418756867
 0.4426151323330658
 0.9949594719777628
 0.557710722301952
 0.522282004646157
 0.946454406551297
 0.939057830366799
 0.4002757460811523
 0.9215491811379554
 0.491877631140816
 0.9999026796780074
 0.8113178576861125
 0.954081968848632
 0.42710437342855384
 0.820195709504278
 0.8693534691209691
 0.936330004193042
 0.7845341656285029
 0.3612485943181666
 0.5238556176535115
 0.8557935739195878
 0.8205623740891751
 0.3370761872441862
 0.5803116289341412
 0.8748235342906898
 0.8446673746428766
 0.9088810379658274
 0.43710193519345585
 0.3949320357269291
 0.3439644110128117
 0.24637871265708405
 0.35100466993218515
 0.2970213649780591
 0.4140050427587727
 0.6906704094683145
 0.575898881152225
 0.5463010350923522
 0.7725063871929918
 0.8647259350236157
 0.4333793886626975
 0.701277741557582
 0.3374462039384275
 0.7399921863060407
 0.16624615726352001
 0.8464103066578552
 0.7410427478333204
 0.1171042147172168
 0.4119807741660535
 0.6134761751226502
 0.6393516245481332
 0.3967938445959208
 0.13151785565145215
 0.5523907208593514
 0.9818323296875843
 0.6387082657491361
 0.2568009691111748
 0.9030162750757379
 0.39146966863957682
 0.8900576592376724
 0.5572532645693296
 0.7899360854131804
 0.8587348654208402
 0.9128104486562364
 0.5770557781108916
 0.7963689302077371
 0.7069163293609938
 0.524218634853241
 0.767870901836022
 0.5618929368266337
 0.43541970231357
 0.7560944033116548
 0.7284346965274
 0.453689607909736
 0.9768379799913793
 0.5669588222014525
 0.9515253955738272
 0.7503369793064599
 0.5475175306887912
 0.6738178610214114
 0.7780758955413828
 0.19574549132759935
 0.626841809799355
 0.8166193738657136
 0.6837006443569908
 0.23364070152567734
 0.55614134890779
 0.7202784654778799
 0.7989896072535729
 0.6967936877146332
 0.794454195580657
 0.8746907427789136
 0.7789284454560503
 0.6919427067003869
 0.49703523455980946
 0.9286392542201274
 0.43371614629110116
 0.2503866682063725
 0.8606332111454723
 0.4070689042131737
 0.31172263399312405
 0.4881706435178268
 0.20153365521763175
 0.5831398751973825
 0.8661319658002499
 0.39286112826916452
 0.43151155008539165
 0.784191151654437
 0.9176246654324353
 0.7065317531612381
 0.5344119614616093
 0.09079836592581053
 0.9179521747482717
 0.4493050153131155
 0.6811343592038074
 0.9232563756980265
 0.3157112355882822
 0.9428879221169689
 0.7269231334919678
 0.8235902312321544
 0.7769282425646338
 0.1053382769251887
 0.22264083038207177
 0.782167186952274
 0.8428190286936326
 0.9385612086572503
 0.4273306805302065
 0.8111528432048637
 0.8847104124188006
 0.7146916958571833
 0.9101907756227031
 0.2981357637318485
 0.91324845185189
 0.7229234725343642
 0.8781730506001846
 0.8033199860729837
 0.7270435998342206
 0.2895031753878591
 0.591578909098906
 0.778031449708171
 0.9394639655200132
 0.9902625226370352
 0.8577134907514385
 0.3477789616434734
 0.9279092856812805
 0.9808048348318809
 0.863606019068326
 0.71512423870858
 0.9963278153894133
 0.5106856594377596
 0.7968459609415595
 0.7870352181545619
 0.6385038829587885
 0.052186265751806043
 0.5215840770963499
 0.48649589893710593
 0.8044433568159322
 0.539994623390955
 0.8203937900347606
 0.22292160574482827
 0.6380175614906557
 0.5883477638421335
 0.9338756032445819
 0.6566579524691488
 0.5251971329679701
 0.7798100128675854
 0.7819811575962147
 0.9943322089939992
 0.9167458592992024
 0.7842925065123906
 0.5238806509989689
 0.4513615826383986
 0.9170309464526505
 0.8553788639397263
 0.8463905769616323
 0.9029040779931953
 0.21002547438723306
 0.8237648286036047
 0.9047339877601404
 0.25034095805619843
 0.7380321768755241
 0.9484065958524154
 0.5272191329520286
 0.8350336194667187
 0.9256251373447593
 0.5096081369135566
 0.5433758107215984
 0.6092333389023482
 0.9638203133660462
 0.5782613029136606
 0.8339207889204476
 0.5323528018930705
 0.9997590103651207
 0.9501651542494842
 0.5041911931262308
 0.6657750335362624
 0.6616446110241322
 0.28226732825034644
 0.5328355840094554
 0.9185141852677395
 0.48045951527564795
 0.6318666009846453
 0.42460730710281385
 0.5178358244327066
 0.17586223193251626
 0.8440937560722669
 0.4764202444238683
 0.9943210335421938
 0.9913661159534776
 0.8564452421648636
 0.31985095968463034
 0.6480970348455466
 0.5326411155670142
 0.7506013665583923
 0.5917804222050028
 0.46635686599945475
 0.5002501613461644
 0.8137450330954719
 0.7342452346972399
 0.866707269179964
 0.7372612454170647
 0.9481919978038372
 0.7610832341299779
 0.9991614271882746
 0.6217043244380989
 0.856513641242177
 0.7189499114728302
 0.9334700257207599
 0.38385626346983775
 0.5064067580767004
 0.5676497937960776
 0.8864270905435212
 0.3521584660057717
 0.8806538412723012
 0.825425367441692
 0.8910427087876217
 0.7939054864430362
 0.16710058905514912
 0.021829462294387175
 0.6615230957798303
 0.8670290190107325
 0.9792606177643228
 0.9508147421529587
 0.47590157639975755
 0.5663503584295279
 0.29667595606142432
 0.5675569008419088
 0.552634990426076
 0.7612447671411765
 0.8365241402930221
 0.8934457295543728
 0.29805498639962413
 0.4864990486234889
 0.88716383003032
 0.5424737930961294
 0.7793068860095489
 0.604523159845044
 0.8739987496631212
 0.5309980164892033
 0.5422942310768618
 0.4016042851850411
 0.980351589610964
 0.5657352271330243
 0.07923823370562799
 0.5463117884222008
 0.8776681340661222
 0.5432888695706095
 0.2581154684341119
 0.7374413360084601
 0.579280023220592
 
 
 0.20734228967099566
 0.9709075661240641
 0.6245819956644361
 0.5847216163690765
 0.4863693964138479
 0.27329404608965585
 0.5358205748423094
 0.23395729262100398
 0.9949998556147331
 0.9172316409262043
 0.27462555792863746
 0.7261316867201275
 0.3160271979943045
 0.7580339221554037
 0.4177024255589128
 0.8084364350924438
 0.8593595656842739
 0.9610343234897747
 0.3509088103430852
 0.5635194214356692
 0.42297394462999593
 0.7727274865250693
 0.4974833128496464
 0.7294097637428952
 0.5592102307636342
 0.8224481357831731
 0.3447186921000101
 0.704752003962524
 0.7443449151908728
 0.39191785170320325
 0.6209762925379799
 0.7409374940865381
 0.8432124666139539
 0.7780884706778863
 0.612062143353774
 0.0774843004892972
 0.8652600954124984
 0.8980394617645256
 0.298722778679208
 0.8210110128023719
 0.446297758187306
 0.3729502878025871
 0.42162377369665704
 0.7594759108775649
 0.7098172515676436
 0.8487280100810936
 0.989358271280936
 0.8528492668889697
 0.5927189960110556
 0.9595326517054498
 0.7031177223674575
 0.5484314396271626
 0.34833783579447202
 0.4200107624847491
 0.4058842091382875
 0.9164185123594566
 0.08057644734185967
 0.8398492262884278
 0.8563464860228566
 0.7677262761945494
 0.9479866273458987
 0.2403202910629656
 0.396614422833833
 0.06496388300553141
 0.527818856540983
 0.6088293345686184
 0.34654089070229865
 0.6972035329310241
 0.6178329063196816
 0.9959904608763714
 0.5255583474065906
 0.5462011657870385
 0.7929791436497956
 0.8310126872877649
 0.3863943543221778
 0.41427349788801476
 0.7598648242465523
 0.4947637035021394
 0.5433285623059273
 0.4035117222478206
 0.8459639093587008
 0.41074810014606866
 0.6506281620592941
 0.18546654837460582
 0.9849830960319301
 0.8598921518120416
 0.828371250176975
 0.6384093911100226
 0.20925963395706362
 0.47840270953178554
 0.6305178828213913
 0.5608832475547139
 0.4461853540717555
 0.1452392571350742
 0.4400640441756993
 0.7149332973709955
 0.6292718086062337
 0.6241411478371085
 0.24930010570646263
 0.36305468443923416
 0.7794272160527422
 0.8129422397413021
 0.4774355507816355
 0.9456467038233051
 0.90396593851222
 0.35513951925334485
 0.7213319592277201
 0.2749183913576033
 0.7220862173578166
 0.2664868119948018
 0.7947527272136659
 0.8331285900590609
 0.6119585066623792
 0.570954378913601
 0.7716991034204596
 0.864854616608869
 0.2790329562402485
 0.7738285261550117
 0.9692682152470892
 0.862529579206616
 0.5624179340258324
 0.4013579634024565
 0.9451454154425978
 0.4063584427844538
 0.6075007458718025
 0.9509345046947407
 0.593426786266932
 0.9978776539666008
 0.923089212283068
 0.8374676930426933
 0.9829918403099256
 0.1576746226556947
 0.5451126649720188
 0.7080204185135759
 0.794022581723529
 0.9647330568473474
 0.8495367156572348
 0.9909972459035911
 0.9824834647506868
 0.5819681738419304
 0.6517493746950055
 0.9545830058188096
 0.6374825535050979
 0.9580794018963721
 0.6460032402286324
 0.7069675741749664
 0.7846646614301321
 0.6405294336101639
 0.6471517611048887
 0.7539301504166472
 0.5550573696173065
 0.8882082263418508
 0.6836366446612575
 0.893104609564461
 0.3362472693138976
 0.9573057622449963
 0.6771751031638938
 0.42860993553353943
 0.7667906222710346
 0.9972002454554664
 0.9093770997642433
 0.783957251386697
 0.9186254302126475
 0.8689120065741769
 0.6360210732724612
 0.7509999077538957
 0.28461611568211453
 0.7173662730573518
 0.58959583616331
 0.610024011419166
 0.8303225410777713
 0.38167329895388035
 0.884974655455432
 0.7497120219979954
 0.42008739938963535
 0.9238161482493467
 0.9421403829670236
 0.8920854015704637
 0.5174281635402835
 0.3469088216996324
 0.5864016510482888
 0.20667532431272561
 0.5681923802793922
 0.9203260733374984
 0.723241451486592
 0.7704840728409981
 0.4128539273109537
 0.8341186129181265
 0.9556599783970326
 0.13062961498770414
 0.24093932944393672
 0.9502129149391378
 0.39325779732002763
 0.6075325549149571
 0.7703704899970302
 0.8558487775064306
 0.4972881289652029
 0.6344952659376407
 0.700932707637983
 0.5684179725444027
 0.6803767657281722
 0.5995394465977043
 0.7223507107339566
 0.7732467769054914
 0.6700988728413821
 0.7086269842035264
 0.6276124937122746
 0.6825885428034649
 0.8397061338367434
 0.37500115003204026
 0.4801085216831923
 0.7364229627588872
 0.43184733834669325
 0.36924977207987086
 0.3464257167868436
 0.8977324223135285
 0.8776108760748109
 0.6906800079116037
 0.5358255751597814
 0.46315200997663263
 0.874515753879452
 0.5299298799736101
 0.6029733728165609
 0.86701483478165
 0.9696761802163328
 0.16365815054795601
 0.9592582938537271
 0.9957153514473303
 0.5558686683214589
 0.8276660907676751
 0.751509570587198
 0.186701897385857
 0.2275040627119616
 0.4068726294240322
 0.80998718366492
 0.46176755412564035
 0.7446067114568342
 0.40980479205483794
 0.8837260886951005
 0.7581945850784866
 0.9502162636025885
 0.9695384170718203
 0.6501033735229184
 0.6200903955940581
 0.9681375173703478
 0.9485190950560008
 0.38134110275718446
 0.4210242520650033
 0.22223524643212366
 0.9402098857519268
 0.6114654209518172
 0.7269341777669892
 0.6093888051385945
 0.458168010487299
 0.4931725939238316
 0.3667651159534068
 0.6577873212554434
 0.5779659844832336
 0.9309755463297362
 0.9246638725626576
 0.4781229173197055
 0.28229946069526473
 0.3776509760774909
 0.5345409604415953
 0.5661983894958151
 0.4980185561804188
 0.4301586328680434
 0.39499658364569584
 0.9692520030165332
 0.9805837413205691
 0.4773888828593254
 0.2188435158314382
 0.6804152159860438
 0.8638559295161893
 0.5692879737211802
 0.3616880503770377
 0.8368732450235977
 0.5992379431609245
 0.6096396700523977
 0.9433484947976417
 0.7814271458803801
 0.7510494093182727
 0.787970104482011
 0.8235397520119039
 0.475390782614886
 0.39381439075517205
 0.7352939867578888
 0.9584338389143505
 0.060036576893197565
 0.7847280552073976
 0.328540669115512
 0.7815363729286641
 0.45193752131980724
 0.6532003510059793
 0.6902982232581351
 0.9273354157001412
 0.7889159067947958
 0.9639208965766806
 0.6693131908165818
 0.8256021871816375
 0.8540162827139799
 0.9930469845854896
 0.8294821849695789
 0.8097383949950981
 0.5528645990196916
 0.8328115375399644
 0.7815813971131954
 0.4716428348196866
 0.9414871191333447
 0.6861864194675288
 0.593139652764955
 0.743769946109397
 0.7427079247509633
 0.07791372517957974
 0.5841946874205933
 0.598450541495555
 0.40813237796916285
 0.7870839752662387
 0.17770963733909167
 0.5631392629179818
 0.8464147865988384
 0.1655742317277817
 0.7951930290996994
 0.5445717704689925
 0.8057654154979467
 0.32257198240727746
 0.6364383183589384
 0.33447097238827055
 0.890694839782405
 0.6374975050508499
 0.44789535363572435
 0.30043845917118616
 0.8712222555052589
 0.6024767772306112
 0.31773436112223896
 0.9705183684222952
 0.8759260180759832
 0.14396163101492523
 0.9755453368069346
 0.7314110726730022
 0.7461035463242343
 0.9988054784474921
 0.9488026033382879
 0.5011274596215818
 0.8530374910463756
 0.5528625935562252
 0.10306443963342554
 0.9362499564589236
 0.676537584549066
 0.4135681376390014
 0.7450869444967654
 0.8289018116560308
 0.45212413261277772
 0.6886184031090784
 0.5896267339073247
 0.9800779412873455
 0.3651299045258808
 0.5551640181593434
 0.8051586562325991
 0.7441221068353029
 0.6941541413749354
 0.7089909337037201
 0.3314510840137724
 0.6705347684540487
 0.7866808970396785
 0.9755780201291564
 0.18017842507929474
 0.6251709766803171
 0.6830613228879228
 0.6448203679848554
 0.5990495538334591
 0.5761360004898789
 0.6574974729481606
 0.5303911438353318
 0.5406758923738618
 0.40981815788420783
 0.7095706784676624
 0.8627153759648631
 0.4309900521910698
 0.9046442444457883
 0.6451043167827205
 0.9894899459972464
 0.9389692427771956
 0.9064221584733677
 0.3917332482020057
 0.6425758641877096
 0.2704907499116337
 0.8396675456965662
 0.566118548235911
 0.721573417783516
 0.585426500712254
 0.7914738878568041
 0.28168654631901823
 0.46857380036663914
 0.8052423300711635
 0.9901320516551533
 0.8126387032273404
 0.57414286666277
 0.749948586174263
 0.6387704044295337
 0.4500795141561328
 0.8811144173988676
 0.6548639585519507
 0.3404590199889893
 0.8111736309300986
 0.6689375840448483
 0.721846879796054
 0.6221195977284201
 0.4158439294508863
 0.7494360826208422
 0.9468643359126822
 0.4533617328169579
 0.664484281542005
 0.44231008507418895
 0.7361470275726856
 0.7739284579055047
 0.15264538780443642
 0.8083592966237854
 0.9543585424564586
 0.33078749460670536
 0.5935036413806973
 0.8200110754557002
 0.7603732776177924
 0.9368323435712754
 0.4202362858318892
 0.9064522083878761
 0.7066112147209287
 0.8628344695842054
 0.8062385246186693
 0.6863504347793529
 0.3552960115742384
 0.6860470712119933
 0.7468546651056296
 0.4907019191843934
 0.4085462683851588
 0.6940040276357922
 0.5012259067507583
 0.13292077744049954
 0.5385914080955977
 0.8105934429031759
 0.954803999166379
 0.7274128018540393
 0.6733965199316837
 0.343853230748257
 0.14286507593601247
 0.9752645166009967
 0.5568481624391153
 0.7946162372336798
 0.6806796786285376
 0.6746291794696025
 0.8955265834441066
 0.337548280385113
 0.31431673188429193
 0.4238223577494838
 0.5086330245754835
 0.14877180911077736
 0.32968861643676156
 0.7995320233979876
 0.8807291483416821
 0.9536804212972899
 0.8611579272249511
 0.8664943186410213
 0.6305834022958687
 0.8837551738991195
 0.667251654326567
 0.7014473948634448
 0.7734448854687835
 0.8440508470610025
 0.30831587002999882
 0.51377513497778
 0.6317363455108069
 0.9143190972108016
 0.9800801901519675
 0.9079562496896627
 0.9120672855116738
 0.9146789612316895
 0.637428001099
 0.7064823659167079
 0.7671840154413058
 0.36435552535781434
 0.7992433052972159
 0.8959529418013773
 0.790342214512798
 0.9315411743389167
 0.3909692905801204
 0.1880756561123187
 0.3841306356639279
 0.45243559756895324
 0.2913567495026429
 0.3757127973603611
 0.8200333571154781
 0.728952982662689
 0.4457186352208809
 0.7683092299701225
 0.9755008394715848
 0.7751239448204288
 0.7286646695941067
 0.8950160191836842
 0.9925580118282505
 0.6135472328930849
 0.6145304376327109
 0.952807554860044
 0.18961264001653183
 0.9013799685991278
 0.25629092164164923
 0.36112583352305283
 0.9399210631567617
 0.08756092218102897
 0.2585682232205605
 0.8241043538898714
 0.21763948724495213
 0.5154281606969556
 0.6852609815938685
 0.5368827555500357
 0.6281573855449246
 0.24984530436333535
 0.9178723218002688
 0.271317808363269
 0.6949046392901361
 0.5052374322457412
 0.822117209584507
 0.2961908364185089
 0.8139600900532493
 0.8160206461399895
 0.47259641833258603
 0.4738016315613881
 0.9233705271609927
 0.7248446005046576
 0.5649224884179058
 0.9066959366233535
 0.9847153251919502
 0.9229345570890861
 0.27521054468825972
 0.8216714696593916
 0.992785825623565
 0.9621463674875655
 0.8682903441452843
 0.7755202321687341
 0.8878719752597959
 0.7482701124848191
 0.8256449520707339
 0.876957637573107
 0.37465985052970274
 0.7504473009847322
 0.9340691396193898
 0.33370653373827535
 0.8398685756325115
 0.8827735039325306
 0.9209294549286966
 0.6209627261482935
 0.5151530691493089
 0.4526825178659903
 0.5539356382814868
 0.5218775012632264
 0.36718014239667945
 0.7802173019294705
 0.5739930581646007
 0.5261747264425153
 0.16538006857288084
 0.3510229754499267
 0.30438069515134225
 0.5259670314499958
 0.48396849449908746
 0.29728363272607494
 0.6099686021031665
 0.36673742135369086
 0.9976016324467962
 0.489001626329963
 0.9389669259725913
 0.6853091791203757
 0.5932673294531494
 0.6218954163705441
 0.848105644876186
 0.5730685174339767
 0.9617275689084677
 0.9449257436417633
 0.33712865218386456
 0.44819929569410155
 0.8666270523642312
 0.9108151272455304
 0.7277579202911622
 0.7959124471973221
 0.734813108218281
 0.8943436962526028
 0.6538322296709904
 0.6889342518937471
 0.8882983670981122
 0.7876796697209026
 0.8063712271891401
 0.7537807554722672
 0.5646136007572585
 0.5952737902269116
 0.2007102167702796
 0.3977764821600992
 0.9201686814055633
 0.09705849597093566
 0.6845742836057092
 0.9696629831891801
 0.7682794960067978
 0.45603954189272594
 0.8356438160574267
 0.9383507847498873
 0.343571710560271
 0.7514541677438913
 0.7490848320299222
 0.7101273337891917
 0.28224974557862125
 0.8774529834172935
 0.2172983629243906
 0.2675509594695413
 0.5749835185124463
 0.5184815677434587
 0.9187240206723678
 0.05875147635059007
 0.7478480591195866
 0.27441167313345316
 0.9448840793896853
 0.19136769789800417
 0.573870843217648
 0.25986390642815465
 0.990839755484294
 0.15019399460879792
 0.7080932972059087
 0.5169500099108325
 0.6097109659154489
 0.42191767721526274
 0.16736836883582542
 0.9047364820282608
 0.8417921046455359
 0.7880096517447426
 0.5504159661244676
 0.598330099181426
 0.6128786288261782
 0.5674767147132552
 0.6526075765735504
 0.1523114928753636
 0.964246648021157
 0.8264203812584376
 0.4498805397422426
 0.7178242816672771
 0.9365398572927991
 0.8602112800628933
 0.735242665296068
 0.8759525423757516
 0.8913597680588068
 0.8014566437348056
 0.1999069741460991
 0.4753799103085793
 0.8498413159744079
 0.7613351513451594
 0.6022837343636358
 0.5514193860587754
 0.7714859685262134
 0.15272356274198903
 0.8208228824757148
 0.6332049626546007
 0.8011948846751801
 0.9865037499398478
 0.9943742223989099
 0.6960496007446433
 0.7445826433340937
 0.714331619681014
 0.5411332790465716
 0.2393441400208252
 0.6413626604440447
 0.46971382064265854
 0.3242564770506027
 0.9473634008538736
 0.35959302990678326
 0.7928841917742437
 0.6070834185961088
 0.6046670426170654
 0.9994521682148113
 0.6645149010999664
 0.8851869685972051
 0.266930183473476
 0.23742804813078971
 0.9007820373404687
 0.9976528022893018
 0.2932955654306784
 0.26877668447269936
 0.7537230776407398
 0.7699359606811476
 0.8266734041397802
 0.7870378312594434
 0.6523438452521083
 0.6471791152130717
 0.4216488568213064
 0.8908462042412009
 0.7563014936429916
 0.7677910156398037
 0.6937930091255308
 0.3023295192524461
 0.8783378810055266
 0.6311004582937341
 0.5076931812370626
 0.7949555120407394
 0.8191131092696978
 0.8656038548171533
 0.4151190658636019
 0.542553737080914
 0.8170480739870333
 0.7227000010771212
 0.27893768073010155
 0.4029087214278563
 0.13073234177694287
 0.22412447716301514
 0.8711199659254025
 0.9578068452225096
 0.37030186176779794
 0.6623292064584464
 0.5558059736880501
 0.4390374914459127
 0.3533040368712058
 0.936887899430882
 0.8547616024756624
 0.7405653478300966
 0.7261102978261706
 0.8223226858406899
 0.8487013269908268
 0.5230762899960748
 0.5804264772592237
 0.9140021130973486
 0.6099362891679329
 0.6871190177216743
 0.6845182676727504
 0.7317231519295477
 0.2847630728430874
 0.9996329406274636
 0.9535331398497954
 0.42008922743615184
 0.8092823262369644
 0.6151847547456548
 0.8615894261103079
 0.36980628476934807
 0.6606575028321975
 0.781447041771117
 0.912096722150267
 0.030323641714790145
 0.8585564136312143
 0.9694692201304574
 0.7115669721325707
 0.8579649646570742
 0.6208162545789113
 0.11676696581615488
 0.8779324350775833
 0.8738954917871845
 0.7532496970394852
 0.64808008393649
 0.7934641948405022
 0.9187709154182913
 0.8086577761492966
 0.9508533992575731
 0.2580764766121638
 0.8402692325600749
 0.7637659706937924
 0.7911064933478394
 0.792115481985787
 0.738101619453217
 0.18320907423422153
 0.7534345326262685
 0.40382699961952273
 0.39878030233028366
 0.10010521686640826
 0.8956048483008543
 0.719263634327456
 0.6950209153327259
 0.7852310832986751
 0.5208163303885687
 0.9051628395473408
 0.48027769791906593
 0.811374800471298
 0.2377228063706881
 0.8477232579364085
 0.35157700816708464
 0.8554159770977754
 0.6859152314187564
 0.474207013181507
 0.4372390340721416
 0.6463660018734473
 0.9987015787040356
 0.646921810203661
 0.2377968835354769
 0.7276160780003365
 0.7919000226035247
 0.7653805706488809
 0.4276296106761458
 0.889810685156757
 0.7246952218584229
 0.6927798994317556
 0.8943985768567764
 0.725660672842367
 0.8615579280823272
 0.8857776494630514
 0.4768790838200969
 0.8189959576441888
 0.4332661159957139
 0.4130194801432169
 0.4080822864585006
 0.20236785197740786
 0.4953208859522456
 0.6965531836713454
 0.9692962074043675
 0.500072349235449
 0.9743971349552262
 0.6825278325856327
 0.9480389880705806
 0.8126388031582531
 0.50731087867511
 0.8796699982041818
 0.8651348175318605
 0.032480734927803525
 0.7643058676572079
 0.9749497836339048
 0.46538599527691804
 0.3712715003505682
 0.7182180608241906
 0.993422050025977
 0.8698303784568939
 0.32519927924741026
 0.8749208225751859
 0.8569777660802836
 0.7538740067993637
 0.6444246583825084
 0.876333512960157
 0.7819091252432709
 0.33679814456812934
 0.7107711189942298
 0.8990416781041033
 0.4305889107895032
 0.4546269603793637
 0.14092020156836104
 0.7438121626357606
 0.5472037377987076
 0.9299109300272125
 0.7244714003635905
 0.971979309605425
 0.8295661236297183
 0.7335946007788159
 0.9891178624653805
 0.5080921697467996
 0.377158459125626
 0.8865667319328371
 0.7188661293214496
 0.9923418290411784
 0.9393264620748009
 0.08900951314205767
 0.5645988524260928
 0.794177522041917
 0.6155130819955434
 0.9348804647731038
 0.20066014658690434
 0.06037935305404443
 0.5301441249112339
 0.9400843453314547
 0.9621701808935823
 0.2548116534737922
 0.8008414027750685
 0.7192288398366554
 0.8814959440294161
 0.9875700482109426
 0.4951127570099723
 0.8583748827028905
 0.5482880053335283
 0.9029493023189481
 0.8411389746429115
 0.9369592960630356
 0.5122243451477144
 0.8427743200411899
 0.9347924076648395
 0.9494411843593424
 0.8030317565906012
 0.8793407881070585
 0.5737881100148835
 0.9812226486304886
 0.7227801189398303
 0.9424288839299366
 0.8806287829673982
 0.9939594141179507
 0.2782683441314231
 0.6371055145920745
 0.8849114902247258
 0.6807083818506027
 0.2767386705506305
 0.5547395426103559
 0.45722583749202344
 0.9248219656873596
 0.806321196866371
 0.608977566291102
 0.468680984326024
 0.33203765416147096
 0.5768249632217105
 0.42267700728153656
 0.8045016979819636
 0.5480030161086489
 0.7514666483511525
 0.6403488877417284
 0.5149532025283916
 0.9207009335144892
 0.46341026437627613
 0.64783759817846
 0.581104631899439
 0.7885025602246181
 0.5206627355519042
 0.7505981253695667
 0.9737820263364265
 0.23289922868502302
 0.46990410004272226
 0.7122654837147635
 0.3915618142073792
 0.9326301696396572
 0.7481534303390202
 0.8363389522472114
 0.44940252008354364
 0.7448878220491517
 0.25416942590576097
 0.6723168185317502
 0.9338052946765941
 0.8511717577703165
 0.7400649625528906
 0.5607047598160363
 0.4189196858177517
 0.6893630557644012
 0.8187892560468935
 0.3999975889921177
 0.6106749665041805
 0.8521306194607778
 0.1986747350071906
 0.42033568393454684
 0.9925753687473827
 0.6608937511969796
 0.4545851648108034
 0.6908510182010247
 0.5185249593195157
 0.2647252613048653
 0.9312494371231876
 0.37268266383217762
 0.8775748671393723
 0.705894540811839
 0.6775811265583991
 0.2366588789674727
 0.5713660913851888
 0.5787391141423673
 0.9402699003649271
 0.557406217259078
 0.48591583808228155
 0.6149071809439487
 0.8430390060148383
 0.6239168966766058
 0.8252904939117335
 0.7697569637418523
 0.20556089342830735
 0.8205228828920623
 0.6967580686308255
 0.40955810989698293
 0.9880468018297323
 0.058216501473550105
 0.8537100222211847
 0.6652675792878808
 0.7184043286453949
 0.389726556320547
 0.6302042158461195
 0.26442239529659156
 0.8322109258883686
 0.6260650367597421
 0.7888110291160698
 0.9632367907852111
 0.4116682761403119
 0.44119125154856175
 0.4463830679405401
 0.9702802373423614
 0.8378373905726884
 0.9521019350979953
 0.7371929506013141
 0.6415284634761179
 0.09943677303355004
 0.7573861025075361
 0.816844867922759
 0.8749734918470369
 0.7830190895977515
 0.9478069758730971
 0.5432101429175631
 0.7407021435167186
 0.8651148401038323
 0.616581572413715
 0.8381762013017088
 0.996753115484841
 0.6049717878480307
 0.3122790226770005
 0.36220413374817195
 0.43255787339646273
 0.6261881794902441
 0.7212060839036507
 0.09898865735111247
 0.3806813891421452
 0.7329778941501763
 0.9412255715305107
 0.09236149559373114
 0.8159280766807161
 0.6459259473932573
 
 
