1.24	2.6460649535603154e-11
1.240274	2.67668e-11
1.240597	2.7074e-11
1.24092	2.70277e-11
1.241243	2.69113e-11
1.241567	2.70822e-11
1.24189	2.67733e-11
1.242213	2.67428e-11
1.242536	2.62655e-11
1.242859	2.63531e-11
1.243182	2.65743e-11
1.243505	2.5704e-11
1.243828	2.55081e-11
1.244151	2.62217e-11
1.244474	2.66644e-11
1.244797	2.70908e-11
1.24512	2.68691e-11
1.245443	2.69429e-11
1.245766	2.68366e-11
1.246089	2.65887e-11
1.246412	2.66185e-11
1.246735	2.71584e-11
1.247058	2.71807e-11
1.247381	2.70873e-11
1.247704	2.69418e-11
1.248027	2.67841e-11
1.24835	2.67856e-11
1.248672	2.68171e-11
1.248995	2.68074e-11
1.249318	2.6964e-11
1.249641	2.6773e-11
1.249964	2.67714e-11
1.250287	2.67528e-11
1.25061	2.68738e-11
1.250933	2.69314e-11
1.251256	2.68026e-11
1.251579	2.66556e-11
1.251902	2.688e-11
1.252225	2.64601e-11
1.252548	2.58533e-11
1.25287	2.59989e-11
1.253193	2.66315e-11
1.253516	2.65729e-11
1.253839	2.67278e-11
1.254162	2.66453e-11
1.254485	2.6708e-11
1.254808	2.6633e-11
1.255131	2.6705e-11
1.255453	2.6626e-11
1.255776	2.64475e-11
1.256099	2.62126e-11
1.256422	2.64512e-11
1.256745	2.66235e-11
1.257068	2.6641e-11
1.25739	2.63251e-11
1.257713	2.64813e-11
1.258036	2.65234e-11
1.258359	2.61532e-11
1.258682	2.57436e-11
1.259004	2.60202e-11
1.259327	2.63607e-11
1.25965	2.65113e-11
1.259973	2.64203e-11
1.260296	2.63916e-11
1.260618	2.6194e-11
1.260941	2.64669e-11
1.261264	2.62129e-11
1.261587	2.53799e-11
1.261909	2.52678e-11
1.262232	2.58095e-11
1.262555	2.60129e-11
1.262878	2.59026e-11
1.2632	2.54755e-11
1.263523	2.55973e-11
1.263846	2.55487e-11
1.264169	2.51608e-11
1.264491	2.57592e-11
1.264814	2.6139e-11
1.265137	2.53754e-11
1.26546	2.55199e-11
1.265782	2.5821e-11
1.266105	2.59935e-11
1.266428	2.60914e-11
1.26675	2.61146e-11
1.267073	2.59599e-11
1.267396	2.59197e-11
1.267718	2.56265e-11
1.268041	2.48377e-11
1.268364	2.38702e-11
1.268686	2.44925e-11
1.269009	2.56972e-11
1.269332	2.61999e-11
1.269655	2.61086e-11
1.269977	2.61144e-11
1.2703	2.62272e-11
1.270622	2.62965e-11
1.270945	2.62147e-11
1.271268	2.63629e-11
1.27159	2.60184e-11
1.271913	2.5997e-11
1.272236	2.60327e-11
1.272558	2.61727e-11
1.272881	2.59855e-11
1.273203	2.60593e-11
1.273526	2.5861e-11
1.273849	2.55786e-11
1.274171	2.52379e-11
1.274494	2.5541e-11
1.274817	2.55561e-11
1.275139	2.55714e-11
1.275462	2.56837e-11
1.275784	2.59546e-11
1.276107	2.57503e-11
1.27643	2.57315e-11
1.276752	2.56219e-11
1.277075	2.55888e-11
1.277397	2.56155e-11
1.27772	2.57159e-11
1.278042	2.55783e-11
1.278365	2.57121e-11
1.278687	2.56687e-11
1.27901	2.56541e-11
1.279333	2.54034e-11
1.279655	2.55679e-11
1.279978	2.55098e-11
1.2803	2.54725e-11
1.280623	2.53597e-11
1.280945	2.49526e-11
1.281268	2.45088e-11
1.28159	2.43766e-11
1.281913	2.30824e-11
1.282235	2.25179e-11
1.282558	2.30402e-11
1.282881	2.39709e-11
1.283203	2.44638e-11
1.283525	2.48926e-11
1.283848	2.50834e-11
1.284171	2.50997e-11
1.284493	2.50582e-11
1.284816	2.5078e-11
1.285138	2.49365e-11
1.28546	2.5333e-11
1.285783	2.54027e-11
1.286106	2.55714e-11
1.286428	2.54552e-11
1.28675	2.55263e-11
1.287073	2.53761e-11
1.287395	2.54154e-11
1.287718	2.52968e-11
1.28804	2.51375e-11
1.288363	2.49304e-11
1.288685	2.51573e-11
1.289008	2.52546e-11
1.28933	2.53525e-11
1.289653	2.52475e-11
1.289975	2.4546e-11
1.290297	2.37588e-11
1.29062	2.45408e-11
1.290942	2.50827e-11
1.291265	2.48861e-11
1.291587	2.49191e-11
1.29191	2.50089e-11
1.292232	2.49442e-11
1.292554	2.52333e-11
1.292877	2.51137e-11
1.293199	2.50818e-11
1.293522	2.46515e-11
1.293844	2.45349e-11
1.294167	2.48001e-11
1.294489	2.51276e-11
1.294811	2.51085e-11
1.295134	2.50151e-11
1.295456	2.50758e-11
1.295779	2.51832e-11
1.296101	2.52044e-11
1.296423	2.51658e-11
1.296746	2.50885e-11
1.297068	2.51464e-11
1.29739	2.49441e-11
1.297713	2.44533e-11
1.298035	2.41415e-11
1.298357	2.47888e-11
1.29868	2.49496e-11
1.299002	2.50606e-11
1.299325	2.49837e-11
1.299647	2.50907e-11
1.299969	2.49688e-11
1.300292	2.49914e-11
1.300614	2.47533e-11
1.300936	2.45933e-11
1.301259	2.45899e-11
1.301581	2.48031e-11
1.301903	2.47902e-11
1.302226	2.49576e-11
1.302548	2.48244e-11
1.30287	2.48339e-11
1.303193	2.42766e-11
1.303515	2.38304e-11
1.303838	2.42076e-11
1.30416	2.45359e-11
1.304482	2.47102e-11
1.304804	2.47759e-11
1.305127	2.45014e-11
1.305449	2.45318e-11
1.305771	2.47011e-11
1.306094	2.47116e-11
1.306416	2.45166e-11
1.306738	2.4589e-11
1.307061	2.45469e-11
1.307383	2.47082e-11
1.307705	2.45923e-11
1.308027	2.44806e-11
1.30835	2.45028e-11
1.308672	2.46097e-11
1.308994	2.44502e-11
1.309317	2.45429e-11
1.309639	2.46051e-11
1.309961	2.45993e-11
1.310283	2.37995e-11
1.310606	2.36667e-11
1.310928	2.41894e-11
1.31125	2.45509e-11
1.311572	2.44804e-11
1.311895	2.43527e-11
1.312217	2.36871e-11
1.312539	2.1632e-11
1.312862	2.16505e-11
1.313184	2.37344e-11
1.313506	2.39729e-11
1.313828	2.39704e-11
1.314151	2.42702e-11
1.314473	2.44857e-11
1.314795	2.40542e-11
1.315117	2.26918e-11
1.31544	2.14337e-11
1.315762	2.27702e-11
1.316084	2.41633e-11
1.316406	2.45018e-11
1.316728	2.43601e-11
1.317051	2.43232e-11
1.317373	2.4386e-11
1.317695	2.39207e-11
1.318017	2.2867e-11
1.31834	2.34949e-11
1.318662	2.42023e-11
1.318984	2.44899e-11
1.319306	2.43581e-11
1.319628	2.43703e-11
1.319951	2.38628e-11
1.320273	2.38028e-11
1.320595	2.40381e-11
1.320917	2.43032e-11
1.32124	2.40722e-11
1.321562	2.40237e-11
1.321884	2.40299e-11
1.322206	2.41513e-11
1.322528	2.4163e-11
1.322851	2.41599e-11
1.323173	2.41341e-11
1.323495	2.42944e-11
1.323817	2.42267e-11
1.324139	2.41895e-11
1.324462	2.42518e-11
1.324784	2.42913e-11
1.325106	2.40038e-11
1.325428	2.39144e-11
1.32575	2.40194e-11
1.326073	2.40482e-11
1.326395	2.37075e-11
1.326717	2.37426e-11
1.327039	2.37815e-11
1.327361	2.40041e-11
1.327683	2.40337e-11
1.328006	2.39604e-11
1.328328	2.33233e-11
1.32865	2.29851e-11
1.328972	2.20812e-11
1.329294	2.22607e-11
1.329616	2.2699e-11
1.329939	2.31016e-11
1.330261	2.37791e-11
1.330583	2.38259e-11
1.330905	2.36451e-11
1.331227	2.31372e-11
1.331549	2.33824e-11
1.331872	2.34174e-11
1.332194	2.24104e-11
1.332516	2.27312e-11
1.332838	2.28739e-11
1.33316	2.3223e-11
1.333483	2.36546e-11
1.333805	2.36698e-11
1.334127	2.38945e-11
1.334449	2.40375e-11
1.334771	2.3651e-11
1.335093	2.37055e-11
1.335415	2.34359e-11
1.335737	2.30273e-11
1.33606	2.34169e-11
1.336382	2.40223e-11
1.336704	2.38321e-11
1.337026	2.3643e-11
1.337348	2.34347e-11
1.33767	2.35878e-11
1.337992	2.36383e-11
1.338315	2.3706e-11
1.338637	2.32734e-11
1.338959	2.31482e-11
1.339281	2.26523e-11
1.339603	2.2699e-11
1.339925	2.30532e-11
1.340247	2.30679e-11
1.340569	2.35239e-11
1.340892	2.38066e-11
1.341214	2.35177e-11
1.341536	2.3266e-11
1.341858	2.28704e-11
1.34218	2.31992e-11
1.342502	2.34442e-11
1.342824	2.34396e-11
1.343146	2.32096e-11
1.343469	2.29014e-11
1.343791	2.27878e-11
1.344113	2.32517e-11
1.344435	2.32522e-11
1.344757	2.34265e-11
1.345079	2.35485e-11
1.345401	2.31176e-11
1.345723	2.29871e-11
1.346045	2.32027e-11
1.346368	2.26149e-11
1.34669	2.29946e-11
1.347012	2.34965e-11
1.347334	2.35287e-11
1.347656	2.21193e-11
1.347978	2.31218e-11
1.3483	2.32904e-11
1.348622	2.29753e-11
1.348944	2.30757e-11
1.349267	2.32729e-11
1.349589	2.31399e-11
1.349911	2.28388e-11
1.350233	2.16228e-11
1.350555	2.18219e-11
1.350877	2.33579e-11
1.351199	2.33794e-11
1.351521	2.2589e-11
1.351843	2.31865e-11
1.352165	2.33278e-11
1.352488	2.28427e-11
1.35281	2.28253e-11
1.353132	2.24688e-11
1.353454	2.29014e-11
1.353776	2.33541e-11
1.354098	2.29782e-11
1.35442	2.26484e-11
1.354742	2.12587e-11
1.355064	2.27429e-11
1.355386	2.36045e-11
1.355709	2.14701e-11
1.356031	2.2127e-11
1.356353	2.33631e-11
1.356675	2.25633e-11
1.356997	2.05456e-11
1.357319	2.20182e-11
1.357641	2.21741e-11
1.357963	2.30832e-11
1.358285	2.2417e-11
1.358608	2.19466e-11
1.35893	2.30132e-11
1.359252	2.19632e-11
1.359574	1.95403e-11
1.359896	2.34674e-11
1.360218	2.25455e-11
1.36054	2.19412e-11
1.360862	2.03413e-11
1.361184	2.28622e-11
1.361506	2.27308e-11
1.361828	2.12431e-11
1.36215	2.03694e-11
1.362473	2.16805e-11
1.362795	2.26233e-11
1.363117	2.22533e-11
1.363439	2.18441e-11
1.363761	2.23045e-11
1.364083	2.24991e-11
1.364405	2.15632e-11
1.364727	2.05088e-11
1.365049	2.34235e-11
1.365371	2.08563e-11
1.365693	2.37918e-11
1.366016	2.30851e-11
1.366338	2.26973e-11
1.36666	2.19204e-11
1.366982	2.09001e-11
1.367304	2.18621e-11
1.367626	2.0065e-11
1.367948	2.19888e-11
1.36827	2.19321e-11
1.368592	2.08558e-11
1.368914	2.29612e-11
1.369236	2.26161e-11
1.369559	2.19608e-11
1.369881	1.93853e-11
1.370203	2.15803e-11
1.370525	2.27263e-11
1.370847	2.03392e-11
1.371169	2.02918e-11
1.371491	2.12909e-11
1.371813	2.16495e-11
1.372135	2.00451e-11
1.372458	2.26769e-11
1.37278	2.16757e-11
1.373102	2.1122e-11
1.373424	2.20201e-11
1.373746	2.25684e-11
1.374068	2.22791e-11
1.37439	2.21751e-11
1.374712	2.05616e-11
1.375034	2.19042e-11
1.375356	2.34335e-11
1.375679	2.19893e-11
1.376001	2.07188e-11
1.376323	2.24956e-11
1.376645	2.25436e-11
1.376967	2.01235e-11
1.377289	2.28224e-11
1.377611	2.28076e-11
1.377933	2.20508e-11
1.378255	2.28813e-11
1.378577	1.9543e-11
1.3789	2.2335e-11
1.379222	2.28188e-11
1.379544	2.23141e-11
1.379866	2.23718e-11
1.380188	2.27424e-11
1.38051	2.06994e-11
1.380832	1.89599e-11
1.381154	2.13167e-11
1.381477	2.36734e-11
1.381799	2.17695e-11
1.382121	2.21752e-11
1.382443	2.43329e-11
1.382765	2.19534e-11
1.383087	1.95739e-11
1.383409	2.28175e-11
1.383731	2.00038e-11
1.384053	2.22166e-11
1.384376	2.26751e-11
1.384698	2.16806e-11
1.38502	1.9432e-11
1.385342	2.22966e-11
1.385664	2.16272e-11
1.385986	2.18185e-11
1.386308	2.13702e-11
1.38663	2.09787e-11
1.386953	2.11732e-11
1.387275	2.18121e-11
1.387597	2.22973e-11
1.387919	1.95785e-11
1.388241	1.99546e-11
1.388563	2.30345e-11
1.388885	2.20212e-11
1.389207	2.199e-11
1.38953	2.21976e-11
1.389852	1.98748e-11
1.390174	2.12556e-11
1.390496	2.16277e-11
1.390818	2.0492e-11
1.39114	2.19081e-11
1.391462	2.19713e-11
1.391785	2.25849e-11
1.392107	2.31274e-11
1.392429	2.15975e-11
1.392751	2.00682e-11
1.393073	2.28544e-11
1.393395	2.18532e-11
1.393717	2.11792e-11
1.39404	2.13377e-11
1.394362	2.15554e-11
1.394684	2.07838e-11
1.395006	2.01465e-11
1.395328	1.96857e-11
1.39565	2.01504e-11
1.395973	2.23822e-11
1.396295	1.96564e-11
1.396617	2.14946e-11
1.396939	2.1297e-11
1.397261	2.07227e-11
1.397583	2.21278e-11
1.397906	2.15082e-11
1.398228	2.06963e-11
1.39855	2.15882e-11
1.398872	2.18003e-11
1.399194	2.15925e-11
1.399516	2.03444e-11
1.399839	2.00014e-11
1.400161	2.01451e-11
1.400483	1.87195e-11
1.400805	1.99569e-11
1.401127	1.99137e-11
1.40145	1.90645e-11
1.401772	2.20088e-11
1.402094	2.2075e-11
1.402416	2.17595e-11
1.402738	2.12614e-11
1.40306	2.02826e-11
1.403383	2.15251e-11
1.403705	2.18358e-11
1.403971	2.08601e-11
1.404377	2.01966e-11
1.404784	1.93902e-11
1.405191	2.06572e-11
1.405597	2.22535e-11
1.406004	2.1499e-11
1.406411	2.1664e-11
1.406817	1.99674e-11
1.407224	1.84135e-11
1.40763	2.09939e-11
1.408037	2.07708e-11
1.408443	2.05527e-11
1.40885	2.09548e-11
1.409256	1.9146e-11
1.409663	2.04629e-11
1.410069	2.09807e-11
1.410476	2.04629e-11
1.410882	2.05519e-11
1.411289	2.02043e-11
1.411695	2.06769e-11
1.412102	1.96515e-11
1.412508	1.9336e-11
1.412915	2.0003e-11
1.413321	1.92354e-11
1.413727	1.97776e-11
1.414134	2.01457e-11
1.41454	1.9265e-11
1.414947	1.99026e-11
1.415353	2.01547e-11
1.415759	2.04218e-11
1.416166	2.03391e-11
1.416572	2.04013e-11
1.416978	2.02012e-11
1.417385	1.99641e-11
1.417791	2.01411e-11
1.418197	2.05704e-11
1.418603	2.0145e-11
1.41901	1.88554e-11
1.419416	1.9747e-11
1.419822	2.04913e-11
1.420228	2.01599e-11
1.420635	1.91123e-11
1.421041	1.9534e-11
1.421447	1.98298e-11
1.421853	2.0297e-11
1.422259	1.99586e-11
1.422665	1.91463e-11
1.423072	1.93817e-11
1.423478	1.9754e-11
1.423884	1.8774e-11
1.42429	1.9977e-11
1.424696	2.04197e-11
1.425102	1.97499e-11
1.425508	1.87885e-11
1.425914	1.91482e-11
1.42632	1.98421e-11
1.426726	2.0256e-11
1.427133	2.00705e-11
1.427539	1.96269e-11
1.427945	1.97371e-11
1.428351	1.94512e-11
1.428757	1.88154e-11
1.429163	1.94692e-11
1.429569	1.91128e-11
1.429975	1.87683e-11
1.430381	2.00223e-11
1.430786	2.00549e-11
1.431193	1.91361e-11
1.431598	1.94989e-11
1.432004	2.00021e-11
1.43241	1.87948e-11
1.432816	2.01503e-11
1.433222	2.01993e-11
1.433628	1.97132e-11
1.434034	1.94068e-11
1.43444	1.93879e-11
1.434845	2.03917e-11
1.435251	1.99972e-11
1.435657	1.96281e-11
1.436063	1.91336e-11
1.436469	1.99394e-11
1.436875	2.02817e-11
1.43728	1.99106e-11
1.437686	1.85822e-11
1.438092	1.99882e-11
1.438498	2.04763e-11
1.438904	2.04663e-11
1.439309	1.93418e-11
1.439715	1.89891e-11
1.440121	1.85927e-11
1.440526	1.76883e-11
1.440932	1.90876e-11
1.441338	1.90158e-11
1.441744	1.92796e-11
1.442149	1.92693e-11
1.442555	1.90366e-11
1.442961	1.88072e-11
1.443366	1.9824e-11
1.443772	1.94048e-11
1.444177	1.84684e-11
1.444583	1.83355e-11
1.444989	1.97934e-11
1.445394	1.93696e-11
1.4458	1.84161e-11
1.446205	1.98451e-11
1.446611	1.9083e-11
1.447017	1.87812e-11
1.447422	1.97348e-11
1.447828	1.98068e-11
1.448233	1.92103e-11
1.448639	1.90847e-11
1.449044	1.93372e-11
1.44945	1.98108e-11
1.449855	1.97722e-11
1.450261	1.89581e-11
1.450666	1.87111e-11
1.451072	1.92154e-11
1.451477	1.85207e-11
1.451883	1.84583e-11
1.452288	1.92664e-11
1.452693	1.91325e-11
1.453099	1.88226e-11
1.453504	1.91333e-11
1.45391	1.90828e-11
1.454315	1.85031e-11
1.45472	1.81919e-11
1.455126	1.7887e-11
1.455531	1.79405e-11
1.455936	1.8021e-11
1.456342	1.8817e-11
1.456747	1.87465e-11
1.457152	1.86082e-11
1.457558	1.88562e-11
1.457963	1.90718e-11
1.458368	1.91129e-11
1.458774	1.92694e-11
1.459179	1.91388e-11
1.459584	1.88621e-11
1.45999	1.86627e-11
1.460395	1.86188e-11
1.4608	1.91632e-11
1.461205	1.88511e-11
1.46161	1.87138e-11
1.462016	1.87493e-11
1.462421	1.88508e-11
1.462826	1.89105e-11
1.463231	1.84016e-11
1.463636	1.91082e-11
1.464042	1.89606e-11
1.464447	1.89556e-11
1.464852	1.87071e-11
1.465257	1.74435e-11
1.465662	1.71908e-11
1.466067	1.77564e-11
1.466472	1.88079e-11
1.466877	1.89626e-11
1.467283	1.90756e-11
1.467688	1.88708e-11
1.468093	1.8388e-11
1.468498	1.84668e-11
1.468903	1.88258e-11
1.469308	1.83681e-11
1.469713	1.84706e-11
1.470118	1.90927e-11
1.470523	1.7705e-11
1.470928	1.76822e-11
1.471333	1.82915e-11
1.471738	1.8757e-11
1.472143	1.82775e-11
1.472548	1.85015e-11
1.472953	1.90623e-11
1.473358	1.86468e-11
1.473763	1.8439e-11
1.474168	1.84711e-11
1.474573	1.84376e-11
1.474978	1.84225e-11
1.475383	1.77951e-11
1.475788	1.78058e-11
1.476193	1.89199e-11
1.476597	1.89704e-11
1.477002	1.78912e-11
1.477407	1.79727e-11
1.477812	1.76468e-11
1.478217	1.76952e-11
1.478622	1.80686e-11
1.479027	1.85742e-11
1.479431	1.84372e-11
1.479836	1.88324e-11
1.480241	1.83464e-11
1.480646	1.80784e-11
1.481051	1.82809e-11
1.481456	1.80672e-11
1.48186	1.79529e-11
1.482265	1.84305e-11
1.48267	1.78762e-11
1.483075	1.74471e-11
1.483479	1.79631e-11
1.483884	1.81794e-11
1.484289	1.7893e-11
1.484694	1.82575e-11
1.485098	1.83311e-11
1.485503	1.84443e-11
1.485908	1.8533e-11
1.486313	1.80326e-11
1.486717	1.75623e-11
1.487122	1.72994e-11
1.487526	1.63572e-11
1.487931	1.43262e-11
1.488336	1.42923e-11
1.48874	1.65881e-11
1.489145	1.76786e-11
1.48955	1.79716e-11
1.489954	1.7771e-11
1.490359	1.77711e-11
1.490764	1.78359e-11
1.491168	1.78631e-11
1.491573	1.78103e-11
1.491977	1.82795e-11
1.492382	1.84961e-11
1.492787	1.85161e-11
1.493191	1.83224e-11
1.493596	1.83583e-11
1.494	1.77758e-11
1.494405	1.78701e-11
1.494809	1.79997e-11
1.495214	1.80075e-11
1.495618	1.78396e-11
1.496023	1.73976e-11
1.496427	1.76112e-11
1.496832	1.83322e-11
1.497236	1.80545e-11
1.497641	1.79856e-11
1.498045	1.79725e-11
1.49845	1.76778e-11
1.498854	1.75414e-11
1.499259	1.78538e-11
1.499663	1.83346e-11
1.500067	1.84048e-11
1.500472	1.81987e-11
1.500876	1.80716e-11
1.501281	1.78662e-11
1.501685	1.76035e-11
1.50209	1.70392e-11
1.502494	1.53742e-11
1.502898	1.3707e-11
1.503303	1.51297e-11
1.503707	1.64502e-11
1.504111	1.52932e-11
1.504516	1.42097e-11
1.50492	1.45965e-11
1.505324	1.47305e-11
1.505729	1.62371e-11
1.506133	1.75391e-11
1.506537	1.78798e-11
1.506942	1.79619e-11
1.507346	1.81517e-11
1.50775	1.79698e-11
1.508155	1.75232e-11
1.508559	1.77106e-11
1.508963	1.80154e-11
1.509367	1.77462e-11
1.509771	1.71035e-11
1.510176	1.69644e-11
1.51058	1.76689e-11
1.510984	1.79259e-11
1.511388	1.81338e-11
1.511793	1.79418e-11
1.512197	1.75379e-11
1.512601	1.73223e-11
1.513005	1.77594e-11
1.513409	1.78631e-11
1.513814	1.72462e-11
1.514218	1.71722e-11
1.514622	1.75564e-11
1.515026	1.77118e-11
1.51543	1.8148e-11
1.515834	1.78254e-11
1.516239	1.68887e-11
1.516643	1.66241e-11
1.517047	1.7233e-11
1.517451	1.75677e-11
1.517855	1.76549e-11
1.518259	1.73227e-11
1.518663	1.7512e-11
1.519067	1.76324e-11
1.519471	1.77947e-11
1.519875	1.76124e-11
1.52028	1.7313e-11
1.520684	1.72338e-11
1.521088	1.69026e-11
1.521492	1.69282e-11
1.521896	1.69201e-11
1.5223	1.62102e-11
1.522704	1.65435e-11
1.523108	1.69416e-11
1.523512	1.72731e-11
1.523916	1.74283e-11
1.52432	1.72129e-11
1.524724	1.66917e-11
1.525128	1.70514e-11
1.525532	1.73507e-11
1.525936	1.75701e-11
1.52634	1.73313e-11
1.526744	1.71144e-11
1.527148	1.75424e-11
1.527552	1.78671e-11
1.527956	1.7809e-11
1.528359	1.77913e-11
1.528763	1.73675e-11
1.529167	1.69771e-11
1.529571	1.573e-11
1.529975	1.55296e-11
1.530379	1.67803e-11
1.530783	1.73677e-11
1.531187	1.74185e-11
1.531591	1.76176e-11
1.531994	1.74984e-11
1.532398	1.74298e-11
1.532802	1.7456e-11
1.533206	1.73957e-11
1.53361	1.69802e-11
1.534014	1.68121e-11
1.534418	1.69679e-11
1.534822	1.70634e-11
1.535225	1.71118e-11
1.535629	1.72594e-11
1.536033	1.72372e-11
1.536437	1.72211e-11
1.53684	1.72879e-11
1.537244	1.75967e-11
1.537648	1.71354e-11
1.538052	1.66753e-11
1.538456	1.67367e-11
1.538859	1.69887e-11
1.539263	1.68515e-11
1.539667	1.65314e-11
1.540071	1.61434e-11
1.540475	1.66131e-11
1.540878	1.6998e-11
1.541282	1.7385e-11
1.541686	1.73587e-11
1.542089	1.72435e-11
1.542493	1.68086e-11
1.542897	1.69322e-11
1.5433	1.73018e-11
1.543704	1.74512e-11
1.544108	1.72663e-11
1.544512	1.75108e-11
1.544915	1.7535e-11
1.545319	1.73451e-11
1.545723	1.7089e-11
1.546126	1.69283e-11
1.54653	1.67863e-11
1.546934	1.70476e-11
1.547337	1.70296e-11
1.547741	1.67636e-11
1.548144	1.65032e-11
1.548548	1.68276e-11
1.548952	1.69705e-11
1.549355	1.68689e-11
1.549759	1.65526e-11
1.550163	1.60847e-11
1.550566	1.59967e-11
1.55097	1.66055e-11
1.551373	1.66885e-11
1.551777	1.67259e-11
1.55218	1.66364e-11
1.552584	1.68673e-11
1.552987	1.68867e-11
1.553391	1.65189e-11
1.553795	1.59556e-11
1.554198	1.60983e-11
1.554602	1.61155e-11
1.555005	1.65886e-11
1.555409	1.63873e-11
1.555812	1.57784e-11
1.556216	1.56254e-11
1.556619	1.62652e-11
1.557023	1.65315e-11
1.557426	1.67739e-11
1.55783	1.67123e-11
1.558233	1.6686e-11
1.558637	1.67126e-11
1.55904	1.62956e-11
1.559444	1.52819e-11
1.559847	1.56635e-11
1.560251	1.63169e-11
1.560654	1.60911e-11
1.561057	1.58825e-11
1.561461	1.60314e-11
1.561864	1.59134e-11
1.562268	1.577e-11
1.562671	1.55523e-11
1.563075	1.61129e-11
1.563478	1.55728e-11
1.563882	1.5794e-11
1.564285	1.6293e-11
1.564688	1.63253e-11
1.565092	1.60005e-11
1.565495	1.61835e-11
1.565898	1.64798e-11
1.566302	1.61314e-11
1.566705	1.55669e-11
1.567109	1.60451e-11
1.567512	1.59782e-11
1.567915	1.55099e-11
1.568319	1.53494e-11
1.568722	1.53612e-11
1.569125	1.51507e-11
1.569529	1.47679e-11
1.569932	1.50478e-11
1.570335	1.59165e-11
1.570739	1.62226e-11
1.571142	1.6424e-11
1.571545	1.63615e-11
1.571949	1.63256e-11
1.572352	1.61197e-11
1.572755	1.57115e-11
1.573159	1.564e-11
1.573562	1.59222e-11
1.573965	1.5624e-11
1.574368	1.45008e-11
1.574772	1.40348e-11
1.575175	1.36237e-11
1.575578	1.39419e-11
1.575981	1.53083e-11
1.576385	1.49817e-11
1.576788	1.31265e-11
1.577191	1.22041e-11
1.577594	1.35828e-11
1.577998	1.51499e-11
1.578401	1.6024e-11
1.578804	1.58417e-11
1.579207	1.53701e-11
1.579611	1.55939e-11
1.580014	1.54955e-11
1.580417	1.54367e-11
1.58082	1.59515e-11
1.581223	1.55739e-11
1.581627	1.54094e-11
1.58203	1.46083e-11
1.582433	1.40789e-11
1.582836	1.46373e-11
1.583239	1.53118e-11
1.583643	1.46795e-11
1.584046	1.44072e-11
1.584449	1.53373e-11
1.584852	1.60206e-11
1.585255	1.60012e-11
1.585658	1.59043e-11
1.586061	1.58923e-11
1.586465	1.57192e-11
1.586868	1.52014e-11
1.587271	1.52549e-11
1.587674	1.56108e-11
1.588077	1.53034e-11
1.58848	1.44134e-11
1.588883	1.33983e-11
1.589286	1.23503e-11
1.58969	1.28476e-11
1.590093	1.35367e-11
1.590496	1.4182e-11
1.590899	1.438e-11
1.591302	1.44809e-11
1.591705	1.47659e-11
1.592108	1.51404e-11
1.592511	1.50785e-11
1.592914	1.55433e-11
1.593317	1.56611e-11
1.59372	1.57663e-11
1.594123	1.53507e-11
1.594527	1.50542e-11
1.59493	1.52586e-11
1.595333	1.55159e-11
1.595736	1.46479e-11
1.596139	1.36176e-11
1.596542	1.32599e-11
1.596945	1.38326e-11
1.597348	1.44797e-11
1.597751	1.51382e-11
1.598154	1.49118e-11
1.598557	1.45934e-11
1.59896	1.52694e-11
1.599363	1.57402e-11
1.599766	1.56447e-11
1.600169	1.55069e-11
1.600572	1.51404e-11
1.600975	1.41612e-11
1.601378	1.39438e-11
1.601781	1.47399e-11
1.602184	1.48435e-11
1.602587	1.50831e-11
1.60299	1.53912e-11
1.603393	1.55165e-11
1.603796	1.53382e-11
1.604199	1.44634e-11
1.604602	1.40754e-11
1.605005	1.50097e-11
1.605408	1.55355e-11
1.605811	1.56129e-11
1.606214	1.49917e-11
1.606616	1.49294e-11
1.607019	1.53682e-11
1.607422	1.49824e-11
1.607825	1.45973e-11
1.608228	1.52653e-11
1.608631	1.556e-11
1.609034	1.52798e-11
1.609437	1.47601e-11
1.60984	1.42281e-11
1.610243	1.41861e-11
1.610646	1.44001e-11
1.611049	1.50445e-11
1.611452	1.54659e-11
1.611854	1.4889e-11
1.612257	1.48582e-11
1.61266	1.48423e-11
1.613063	1.45392e-11
1.613466	1.48682e-11
1.613869	1.50545e-11
1.614272	1.51763e-11
1.614675	1.56102e-11
1.615077	1.53614e-11
1.61548	1.47163e-11
1.615883	1.4062e-11
1.616286	1.44344e-11
1.616689	1.40949e-11
1.617092	1.41659e-11
1.617495	1.47373e-11
1.617897	1.45621e-11
1.6183	1.39936e-11
1.618703	1.41374e-11
1.619106	1.45121e-11
1.619509	1.4741e-11
1.619912	1.39318e-11
1.620314	1.36521e-11
1.620717	1.3825e-11
1.62112	1.40024e-11
1.621523	1.4068e-11
1.621926	1.40416e-11
1.622328	1.47363e-11
1.622731	1.49707e-11
1.623134	1.46331e-11
1.623537	1.45036e-11
1.62394	1.44858e-11
1.624342	1.44364e-11
1.624745	1.4119e-11
1.625148	1.44797e-11
1.625551	1.47975e-11
1.625954	1.4981e-11
1.626356	1.50276e-11
1.626759	1.51925e-11
1.627162	1.52266e-11
1.627565	1.51105e-11
1.627967	1.49417e-11
1.62837	1.49378e-11
1.628773	1.46826e-11
1.629176	1.48257e-11
1.629578	1.48151e-11
1.629981	1.49408e-11
1.630384	1.48861e-11
1.630787	1.50618e-11
1.631189	1.48246e-11
1.631592	1.45164e-11
1.631995	1.37874e-11
1.632398	1.40305e-11
1.6328	1.4504e-11
1.633203	1.47373e-11
1.633606	1.46207e-11
1.634009	1.47792e-11
1.634411	1.49758e-11
1.634814	1.49424e-11
1.635217	1.4766e-11
1.63562	1.48526e-11
1.636022	1.47674e-11
1.636425	1.43672e-11
1.636828	1.34186e-11
1.63723	1.38481e-11
1.637633	1.45127e-11
1.638036	1.41497e-11
1.638438	1.29193e-11
1.638841	1.32549e-11
1.639244	1.43024e-11
1.639647	1.41276e-11
1.640049	1.3494e-11
1.640452	1.37287e-11
1.640855	1.35633e-11
1.641257	1.37354e-11
1.64166	1.40127e-11
1.642063	1.42907e-11
1.642465	1.43507e-11
1.642868	1.43906e-11
1.643271	1.43715e-11
1.643673	1.42041e-11
1.644076	1.39155e-11
1.644479	1.38736e-11
1.644881	1.35702e-11
1.645284	1.40302e-11
1.645687	1.43792e-11
1.646089	1.45313e-11
1.646492	1.45818e-11
1.646895	1.43687e-11
1.647297	1.41048e-11
1.6477	1.40254e-11
1.648103	1.39249e-11
1.648505	1.40062e-11
1.648908	1.3407e-11
1.64931	1.3469e-11
1.649713	1.39981e-11
1.650116	1.44092e-11
1.650518	1.45452e-11
1.650921	1.42281e-11
1.651324	1.43235e-11
1.651726	1.43003e-11
1.652129	1.35561e-11
1.652532	1.30187e-11
1.652934	1.32203e-11
1.653337	1.38944e-11
1.653739	1.38319e-11
1.654142	1.34896e-11
1.654545	1.31044e-11
1.654947	1.36689e-11
1.65535	1.3891e-11
1.655752	1.38569e-11
1.656155	1.35806e-11
1.656558	1.33381e-11
1.65696	1.38826e-11
1.657363	1.43266e-11
1.657766	1.43432e-11
1.658168	1.43438e-11
1.658571	1.41099e-11
1.658973	1.39751e-11
1.659376	1.39464e-11
1.659778	1.41992e-11
1.660181	1.42337e-11
1.660584	1.42717e-11
1.660986	1.40716e-11
1.661389	1.39345e-11
1.661791	1.382e-11
1.662194	1.39544e-11
1.662597	1.3919e-11
1.662999	1.38086e-11
1.663402	1.3666e-11
1.663804	1.36702e-11
1.664207	1.38923e-11
1.664609	1.39886e-11
1.665012	1.35914e-11
1.665415	1.32704e-11
1.665817	1.32144e-11
1.66622	1.3404e-11
1.666622	1.32107e-11
1.667025	1.34221e-11
1.667427	1.37309e-11
1.66783	1.36972e-11
1.668232	1.31092e-11
1.668635	1.28891e-11
1.669038	1.34132e-11
1.66944	1.37986e-11
1.669843	1.39363e-11
1.670245	1.40783e-11
1.670648	1.40202e-11
1.67105	1.3772e-11
1.671453	1.36645e-11
1.671855	1.35433e-11
1.672258	1.25447e-11
1.672661	1.24625e-11
1.673063	1.31643e-11
1.673466	1.37353e-11
1.673868	1.38789e-11
1.674271	1.38375e-11
1.674673	1.37105e-11
1.675076	1.31834e-11
1.675478	1.20156e-11
1.675881	1.25562e-11
1.676283	1.30559e-11
1.676686	1.28938e-11
1.677088	1.33653e-11
1.677491	1.37735e-11
1.677894	1.37248e-11
1.678296	1.37242e-11
1.678699	1.34784e-11
1.679101	1.34428e-11
1.679504	1.33341e-11
1.679906	1.32436e-11
1.680309	1.29946e-11
1.680711	1.30085e-11
1.681114	1.30886e-11
1.681516	1.30989e-11
1.681919	1.28823e-11
1.682321	1.2517e-11
1.682724	1.27168e-11
1.683126	1.30231e-11
1.683529	1.31446e-11
1.683931	1.32968e-11
1.684334	1.32744e-11
1.684736	1.34312e-11
1.685139	1.34919e-11
1.685542	1.35363e-11
1.685944	1.32872e-11
1.686346	1.32288e-11
1.686749	1.31346e-11
1.687152	1.29915e-11
1.687554	1.31453e-11
1.687956	1.33014e-11
1.688359	1.33462e-11
1.688762	1.3305e-11
1.689164	1.28804e-11
1.689566	1.26344e-11
1.689969	1.29634e-11
1.690372	1.32509e-11
1.690774	1.33624e-11
1.691177	1.34677e-11
1.691579	1.33903e-11
1.691982	1.3422e-11
1.692384	1.34301e-11
1.692787	1.32657e-11
1.693189	1.27492e-11
1.693592	1.28379e-11
1.693994	1.30774e-11
1.694397	1.31476e-11
1.694799	1.30973e-11
1.695202	1.30678e-11
1.695604	1.30418e-11
1.696007	1.29128e-11
1.696409	1.25919e-11
1.696812	1.26214e-11
1.697214	1.26213e-11
1.697617	1.27704e-11
1.698019	1.29657e-11
1.698422	1.30815e-11
1.698824	1.31467e-11
1.699227	1.31739e-11
1.699629	1.29325e-11
1.700032	1.25339e-11
1.700434	1.24279e-11
1.700837	1.24608e-11
1.701239	1.22484e-11
1.701642	1.23844e-11
1.702044	1.27798e-11
1.702447	1.29418e-11
1.702849	1.2969e-11
1.703252	1.29938e-11
1.703654	1.28854e-11
1.704057	1.28416e-11
1.704459	1.28293e-11
1.704862	1.29306e-11
1.705264	1.2905e-11
1.705667	1.29014e-11
1.706069	1.28456e-11
1.706472	1.27132e-11
1.706874	1.2379e-11
1.707277	1.23463e-11
1.707679	1.25438e-11
1.708082	1.25936e-11
1.708484	1.26963e-11
1.708887	1.27853e-11
1.709289	1.26754e-11
1.709692	1.26594e-11
1.710094	1.25232e-11
1.710497	1.23813e-11
1.710899	1.14543e-11
1.711302	1.0177e-11
1.711704	1.09465e-11
1.712107	1.22999e-11
1.712509	1.26138e-11
1.712912	1.27709e-11
1.713314	1.26554e-11
1.713717	1.25069e-11
1.714119	1.25059e-11
1.714522	1.26586e-11
1.714924	1.27953e-11
1.715327	1.28412e-11
1.715729	1.26805e-11
1.716132	1.25324e-11
1.716534	1.22986e-11
1.716937	1.2367e-11
1.717339	1.25902e-11
1.717742	1.273e-11
1.718144	1.27216e-11
1.718547	1.27306e-11
1.718949	1.26478e-11
1.719352	1.26437e-11
1.719754	1.26037e-11
1.720157	1.2645e-11
1.720559	1.23277e-11
1.720962	1.19326e-11
1.721364	1.22106e-11
1.721767	1.25611e-11
1.722169	1.24797e-11
1.722572	1.22485e-11
1.722975	1.17737e-11
1.723377	1.18819e-11
1.723779	1.19543e-11
1.724182	1.22962e-11
1.724585	1.2466e-11
1.724987	1.25152e-11
1.72539	1.25183e-11
1.725792	1.24527e-11
1.726195	1.23183e-11
1.726597	1.2382e-11
1.727	1.24327e-11
1.727402	1.24024e-11
1.727805	1.20818e-11
1.728207	1.18113e-11
1.72861	1.19458e-11
1.729012	1.22485e-11
1.729415	1.22778e-11
1.729817	1.20947e-11
1.73022	1.2055e-11
1.730622	1.18707e-11
1.731025	1.18675e-11
1.731428	1.21043e-11
1.73183	1.21153e-11
1.732233	1.19767e-11
1.732635	1.15209e-11
1.733038	1.08621e-11
1.73344	1.11754e-11
1.733843	1.18458e-11
1.734245	1.15302e-11
1.734648	1.17522e-11
1.73505	1.19939e-11
1.735453	1.18461e-11
1.735856	1.1756e-11
1.736258	1.15884e-11
1.736661	1.15234e-11
1.737063	1.17754e-11
1.737466	1.1836e-11
1.737868	1.18893e-11
1.738271	1.19951e-11
1.738673	1.21203e-11
1.739076	1.19939e-11
1.739478	1.18394e-11
1.739881	1.18767e-11
1.740284	1.18028e-11
1.740686	1.15217e-11
1.741089	1.08423e-11
1.741491	1.09274e-11
1.741894	1.17706e-11
1.742296	1.19306e-11
1.742699	1.20092e-11
1.743102	1.19567e-11
1.743504	1.19288e-11
1.743907	1.19275e-11
1.744309	1.19887e-11
1.744712	1.19918e-11
1.745114	1.17909e-11
1.745517	1.15728e-11
1.74592	1.15432e-11
1.746322	1.15864e-11
1.746725	1.15068e-11
1.747127	1.11103e-11
1.74753	1.12914e-11
1.747933	1.15134e-11
1.748335	1.13557e-11
1.748738	1.15538e-11
1.74914	1.17888e-11
1.749543	1.17567e-11
1.749946	1.17206e-11
1.750348	1.15724e-11
1.750751	1.15572e-11
1.751153	1.14999e-11
1.751556	1.1382e-11
1.751958	1.141e-11
1.752361	1.13709e-11
1.752764	1.12356e-11
1.753166	1.14291e-11
1.753569	1.1556e-11
1.753972	1.12982e-11
1.754374	1.13194e-11
1.754777	1.14602e-11
1.755179	1.12738e-11
1.755582	1.13246e-11
1.755985	1.14176e-11
1.756387	1.16935e-11
1.75679	1.16895e-11
1.757193	1.15524e-11
1.757595	1.14429e-11
1.757998	1.14345e-11
1.7584	1.10429e-11
1.758803	1.11686e-11
1.759206	1.15834e-11
1.759608	1.15609e-11
1.760011	1.15746e-11
1.760414	1.16988e-11
1.760816	1.13454e-11
1.761219	1.08332e-11
1.761622	1.07816e-11
1.762024	1.07513e-11
1.762427	1.08092e-11
1.76283	1.10165e-11
1.763232	1.12196e-11
1.763635	1.12299e-11
1.764038	1.11273e-11
1.76444	1.1158e-11
1.764843	1.12962e-11
1.765246	1.15471e-11
1.765648	1.1301e-11
1.766051	1.12742e-11
1.766454	1.15624e-11
1.766856	1.14612e-11
1.767259	1.14238e-11
1.767662	1.13408e-11
1.768064	1.12399e-11
1.768467	1.11908e-11
1.76887	1.10327e-11
1.769273	1.11193e-11
1.769675	1.11109e-11
1.770078	1.1008e-11
1.770481	1.09668e-11
1.770883	1.08204e-11
1.771286	1.05896e-11
1.771689	1.06508e-11
1.772092	1.07101e-11
1.772494	1.04175e-11
1.772897	1.03248e-11
1.7733	1.05647e-11
1.773703	1.06892e-11
1.774105	1.04931e-11
1.774508	1.02313e-11
1.774911	1.03812e-11
1.775313	1.05096e-11
1.775716	1.04947e-11
1.776119	1.04562e-11
1.776522	1.04425e-11
1.776924	1.03056e-11
1.777327	1.0232e-11
1.77773	1.03144e-11
1.778133	1.07836e-11
1.778535	1.08187e-11
1.778938	1.07465e-11
1.779341	1.07015e-11
1.779744	1.07283e-11
1.780146	1.07958e-11
1.780549	1.08666e-11
1.780952	1.07524e-11
1.781355	1.05536e-11
1.781758	1.05965e-11
1.78216	1.07301e-11
1.782563	1.06972e-11
1.782966	1.04224e-11
1.783369	1.04038e-11
1.783772	1.03557e-11
1.784174	1.02367e-11
1.784577	1.01321e-11
1.78498	9.96192e-12
1.785383	1.04997e-11
1.785786	1.06734e-11
1.786188	1.07754e-11
1.786591	1.08265e-11
1.786994	1.06522e-11
1.787397	1.07135e-11
1.7878	1.07658e-11
1.788202	1.06734e-11
1.788605	1.05244e-11
1.789008	1.054e-11
1.789411	1.05225e-11
1.789814	1.05662e-11
1.790217	1.06495e-11
1.790619	1.04758e-11
1.791022	1.04675e-11
1.791425	1.06841e-11
1.791828	1.06835e-11
1.792231	1.05233e-11
1.792634	1.0438e-11
1.793037	1.03564e-11
1.79344	1.00904e-11
1.793842	9.84294e-12
1.794245	9.68369e-12
1.794648	9.90658e-12
1.795051	1.01374e-11
1.795454	1.0326e-11
1.795857	1.02995e-11
1.79626	1.01995e-11
1.796663	1.03153e-11
1.797066	1.01628e-11
1.797469	1.031e-11
1.797871	1.01379e-11
1.798274	9.97894e-12
1.798677	9.96152e-12
1.79908	9.93655e-12
1.799483	1.0112e-11
1.799886	1.03061e-11
1.800289	1.01906e-11
1.800692	1.0058e-11
1.801095	9.65233e-12
1.801498	9.8368e-12
1.801901	9.78627e-12
1.802304	9.75594e-12
1.802707	9.79985e-12
1.80311	9.90031e-12
1.803513	9.88988e-12
1.803916	1.01023e-11
1.804318	9.95025e-12
1.804721	9.93901e-12
1.805125	1.03756e-11
1.805527	9.95978e-12
1.80593	9.30432e-12
1.806333	9.13155e-12
1.806736	1.02039e-11
1.807139	1.00186e-11
1.807542	9.70559e-12
1.807945	1.01126e-11
1.808348	1.0108e-11
1.808751	9.892e-12
1.809154	9.99288e-12
1.809557	1.00471e-11
1.80996	9.80818e-12
1.810364	9.42441e-12
1.810766	9.35022e-12
1.81117	9.76267e-12
1.811573	1.02724e-11
1.811976	9.78428e-12
1.873932	9.33012e-12
1.874473	9.33545e-12
1.875013	8.48708e-12
1.875554	7.45014e-12
1.876094	8.23034e-12
1.876635	8.50787e-12
1.877176	7.33741e-12
1.877716	8.72691e-12
1.878256	8.40839e-12
1.878797	8.75792e-12
1.879337	8.70846e-12
1.879878	9.07229e-12
1.880418	9.18688e-12
1.880959	8.505e-12
1.881499	8.86539e-12
1.88204	9.08179e-12
1.88258	8.78765e-12
1.883121	8.89322e-12
1.883661	9.03177e-12
1.884201	7.6993e-12
1.884742	9.11907e-12
1.885282	8.62157e-12
1.885823	8.42346e-12
1.886363	8.66643e-12
1.886903	8.09931e-12
1.887444	8.84941e-12
1.887984	8.7522e-12
1.888524	8.56083e-12
1.889065	8.64612e-12
1.889605	8.7182e-12
1.890145	7.33715e-12
1.890686	8.89401e-12
1.891226	8.86726e-12
1.891766	8.48371e-12
1.892306	7.85627e-12
1.892847	8.7749e-12
1.893387	8.37415e-12
1.893927	8.14428e-12
1.894467	8.62781e-12
1.895007	8.37095e-12
1.895548	8.27344e-12
1.896088	7.78936e-12
1.896628	8.15553e-12
1.897169	8.76001e-12
1.897709	7.96744e-12
1.898249	8.71467e-12
1.898789	8.79016e-12
1.899329	7.55501e-12
1.899869	7.81098e-12
1.90041	8.15399e-12
1.90095	8.72858e-12
1.90149	8.83694e-12
1.90203	8.85745e-12
1.90257	8.52495e-12
1.90311	7.20268e-12
1.90365	8.6887e-12
1.90419	8.70439e-12
1.90473	8.77731e-12
1.905271	7.69473e-12
1.905811	8.22277e-12
1.906351	8.47906e-12
1.906891	7.786e-12
1.907431	8.89449e-12
1.907971	8.61093e-12
1.908511	8.27133e-12
1.909051	8.18285e-12
1.909591	8.70761e-12
1.910131	8.4735e-12
1.910671	8.38259e-12
1.911211	8.41734e-12
1.911751	7.68165e-12
1.912291	8.74046e-12
1.912831	8.72309e-12
1.913371	7.91105e-12
1.913911	8.00814e-12
1.914451	8.70762e-12
1.914991	8.75267e-12
1.915531	8.89758e-12
1.916071	8.16096e-12
1.916611	7.86975e-12
1.91715	8.60914e-12
1.91769	8.584e-12
1.91823	8.37937e-12
1.91877	8.56588e-12
1.91931	8.7657e-12
1.91985	7.72122e-12
1.92039	7.17984e-12
1.92093	7.93231e-12
1.921469	8.6949e-12
1.922009	8.38593e-12
1.922549	8.26961e-12
1.923089	8.47068e-12
1.923629	8.54413e-12
1.924169	7.18663e-12
1.924708	8.78686e-12
1.925248	8.65012e-12
1.925788	8.28229e-12
1.926328	8.15836e-12
1.926868	7.54587e-12
1.927407	7.90517e-12
1.927947	8.518e-12
1.928487	7.59152e-12
1.929027	8.28044e-12
1.929566	8.5708e-12
1.930106	8.08346e-12
1.930646	7.71728e-12
1.931185	7.29903e-12
1.931725	7.53496e-12
1.932265	8.14167e-12
1.932804	8.14034e-12
1.933344	8.32233e-12
1.933884	7.87642e-12
1.934424	8.00239e-12
1.934963	8.31272e-12
1.935503	8.24499e-12
1.936043	8.11615e-12
1.936582	7.84014e-12
1.937122	8.33188e-12
1.937661	8.08695e-12
1.938201	8.06851e-12
1.938741	8.19283e-12
1.93928	7.66092e-12
1.93982	7.86898e-12
1.940359	8.25441e-12
1.940899	7.96783e-12
1.941439	7.77339e-12
1.941978	8.05311e-12
1.942518	7.9347e-12
1.943057	7.56796e-12
1.943597	7.18792e-12
1.944136	7.42276e-12
1.944676	7.38051e-12
1.945215	7.40965e-12
1.945755	7.06184e-12
1.946295	7.37e-12
1.946834	7.72572e-12
1.947374	7.72768e-12
1.947913	7.7606e-12
1.948452	7.70005e-12
1.948992	7.6557e-12
1.949531	7.48419e-12
1.950071	7.56885e-12
1.95061	7.38302e-12
1.95115	6.90388e-12
1.951689	7.39104e-12
1.952229	7.92416e-12
1.952768	8.00046e-12
1.953308	7.79069e-12
1.953847	7.82344e-12
1.954386	7.81653e-12
1.954926	7.94431e-12
1.955465	7.85354e-12
1.956005	7.88416e-12
1.956544	7.90862e-12
1.957083	7.97183e-12
1.957623	7.87305e-12
1.958162	7.87302e-12
1.958701	7.74155e-12
1.959241	7.53767e-12
1.95978	7.70121e-12
1.960319	7.71204e-12
1.960859	7.74651e-12
1.961398	7.70936e-12
1.961937	7.52082e-12
1.962477	7.62614e-12
1.963016	7.72306e-12
1.963555	7.68481e-12
1.964094	7.61069e-12
1.964634	7.67262e-12
1.965173	7.84579e-12
1.965712	7.78949e-12
1.966251	7.77232e-12
1.966791	7.78847e-12
1.96733	7.80792e-12
1.967869	7.76733e-12
1.968408	7.78477e-12
1.968948	7.66862e-12
1.969487	7.69043e-12
1.970026	7.74135e-12
1.970565	7.74906e-12
1.971104	7.60821e-12
1.971643	7.56844e-12
1.972183	7.25363e-12
1.972722	6.76811e-12
1.973261	6.95119e-12
1.9738	7.09392e-12
1.974339	7.26148e-12
1.974878	7.56745e-12
1.975417	7.53606e-12
1.975957	7.61142e-12
1.976496	7.58193e-12
1.977035	7.55625e-12
1.977574	7.23963e-12
1.978113	6.59616e-12
1.978652	6.93765e-12
1.979191	7.38342e-12
1.97973	7.20719e-12
1.980269	7.43347e-12
1.980809	7.56297e-12
1.981348	7.50873e-12
1.981887	7.30575e-12
1.982426	7.34596e-12
1.982965	7.4708e-12
1.983504	7.52822e-12
1.984043	7.53738e-12
1.984582	7.47694e-12
1.985121	7.17724e-12
1.98566	6.966e-12
1.986199	6.97709e-12
1.986738	6.84999e-12
1.987277	7.20977e-12
1.987816	7.53658e-12
1.988355	7.45721e-12
1.988894	7.45149e-12
1.989433	7.46203e-12
1.989972	7.38469e-12
1.990511	7.40157e-12
1.99105	7.44575e-12
1.991588	7.36565e-12
1.992128	7.20619e-12
1.992666	7.09595e-12
1.993205	6.91277e-12
1.993744	6.74829e-12
1.994283	7.01822e-12
1.994822	7.19912e-12
1.995361	7.14795e-12
1.9959	7.21809e-12
1.996439	7.17036e-12
1.996978	7.09739e-12
1.997516	7.11859e-12
1.998055	7.07757e-12
1.998594	7.31149e-12
1.999133	7.33217e-12
1.999672	7.31338e-12
2.00	7.294600630797661e-12
