 # potential for l= 0 and q'= 0.5 fm^-1
 
              #q        vl(q,q')
    1.000000E-02   -1.575500E-05
    2.000000E-02   -1.575281E-05
    3.000000E-02   -1.574916E-05
    4.000000E-02   -1.574406E-05
    5.000000E-02   -1.573750E-05
    6.000000E-02   -1.572949E-05
    7.000000E-02   -1.572003E-05
    8.000000E-02   -1.570913E-05
    9.000000E-02   -1.569678E-05
    1.000000E-01   -1.568299E-05
    1.100000E-01   -1.566777E-05
    1.200000E-01   -1.565112E-05
    1.300000E-01   -1.563305E-05
    1.400000E-01   -1.561357E-05
    1.500000E-01   -1.559267E-05
    1.600000E-01   -1.557037E-05
    1.700000E-01   -1.554668E-05
    1.800000E-01   -1.552160E-05
    1.900000E-01   -1.549515E-05
    2.000000E-01   -1.546732E-05
    2.100000E-01   -1.543814E-05
    2.200000E-01   -1.540761E-05
    2.300000E-01   -1.537574E-05
    2.400000E-01   -1.534254E-05
    2.500000E-01   -1.530803E-05
    2.600000E-01   -1.527221E-05
    2.700000E-01   -1.523510E-05
    2.800000E-01   -1.519672E-05
    2.900000E-01   -1.515706E-05
    3.000000E-01   -1.511615E-05
    3.100000E-01   -1.507400E-05
    3.200000E-01   -1.503063E-05
    3.300000E-01   -1.498605E-05
    3.400000E-01   -1.494026E-05
    3.500000E-01   -1.489330E-05
    3.600000E-01   -1.484518E-05
    3.700000E-01   -1.479590E-05
    3.800000E-01   -1.474549E-05
    3.900000E-01   -1.469396E-05
    4.000000E-01   -1.464133E-05
    4.100000E-01   -1.458761E-05
    4.200000E-01   -1.453283E-05
    4.300000E-01   -1.447701E-05
    4.400000E-01   -1.442015E-05
    4.500000E-01   -1.436227E-05
    4.600000E-01   -1.430340E-05
    4.700000E-01   -1.424356E-05
    4.800000E-01   -1.418275E-05
    4.900000E-01   -1.412101E-05
    5.000000E-01   -1.405835E-05
    5.100000E-01   -1.399478E-05
    5.200000E-01   -1.393033E-05
    5.300000E-01   -1.386502E-05
    5.400000E-01   -1.379887E-05
    5.500000E-01   -1.373190E-05
    5.600000E-01   -1.366412E-05
    5.700000E-01   -1.359556E-05
    5.800000E-01   -1.352623E-05
    5.900000E-01   -1.345616E-05
    6.000000E-01   -1.338537E-05
    6.100000E-01   -1.331388E-05
    6.200000E-01   -1.324170E-05
    6.300000E-01   -1.316886E-05
    6.400000E-01   -1.309538E-05
    6.500000E-01   -1.302127E-05
    6.600000E-01   -1.294657E-05
    6.700000E-01   -1.287128E-05
    6.800000E-01   -1.279544E-05
    6.900000E-01   -1.271905E-05
    7.000000E-01   -1.264214E-05
    7.100000E-01   -1.256474E-05
    7.200000E-01   -1.248685E-05
    7.300000E-01   -1.240850E-05
    7.400000E-01   -1.232972E-05
    7.500000E-01   -1.225051E-05
    7.600000E-01   -1.217091E-05
    7.700000E-01   -1.209092E-05
    7.800000E-01   -1.201057E-05
    7.900000E-01   -1.192988E-05
    8.000000E-01   -1.184887E-05
    8.100000E-01   -1.176756E-05
    8.200000E-01   -1.168596E-05
    8.300000E-01   -1.160410E-05
    8.400000E-01   -1.152199E-05
    8.500000E-01   -1.143966E-05
    8.600000E-01   -1.135712E-05
    8.700000E-01   -1.127438E-05
    8.800000E-01   -1.119147E-05
    8.900000E-01   -1.110841E-05
    9.000000E-01   -1.102521E-05
    9.100000E-01   -1.094189E-05
    9.200000E-01   -1.085847E-05
    9.300000E-01   -1.077496E-05
    9.400000E-01   -1.069138E-05
    9.500000E-01   -1.060775E-05
    9.600000E-01   -1.052409E-05
    9.700000E-01   -1.044040E-05
    9.800000E-01   -1.035671E-05
    9.900000E-01   -1.027303E-05
    1.000000E+00   -1.018938E-05
    1.010000E+00   -1.010577E-05
    1.020000E+00   -1.002222E-05
    1.030000E+00   -9.938739E-06
    1.040000E+00   -9.855344E-06
    1.050000E+00   -9.772049E-06
    1.060000E+00   -9.688867E-06
    1.070000E+00   -9.605814E-06
    1.080000E+00   -9.522901E-06
    1.090000E+00   -9.440141E-06
    1.100000E+00   -9.357549E-06
    1.110000E+00   -9.275135E-06
    1.120000E+00   -9.192913E-06
    1.130000E+00   -9.110894E-06
    1.140000E+00   -9.029091E-06
    1.150000E+00   -8.947514E-06
    1.160000E+00   -8.866174E-06
    1.170000E+00   -8.785084E-06
    1.180000E+00   -8.704252E-06
    1.190000E+00   -8.623691E-06
    1.200000E+00   -8.543409E-06
    1.210000E+00   -8.463417E-06
    1.220000E+00   -8.383724E-06
    1.230000E+00   -8.304339E-06
    1.240000E+00   -8.225273E-06
    1.250000E+00   -8.146532E-06
    1.260000E+00   -8.068127E-06
    1.270000E+00   -7.990065E-06
    1.280000E+00   -7.912354E-06
    1.290000E+00   -7.835003E-06
    1.300000E+00   -7.758018E-06
    1.310000E+00   -7.681406E-06
    1.320000E+00   -7.605176E-06
    1.330000E+00   -7.529334E-06
    1.340000E+00   -7.453886E-06
    1.350000E+00   -7.378838E-06
    1.360000E+00   -7.304197E-06
    1.370000E+00   -7.229969E-06
    1.380000E+00   -7.156158E-06
    1.390000E+00   -7.082771E-06
    1.400000E+00   -7.009813E-06
    1.410000E+00   -6.937289E-06
    1.420000E+00   -6.865202E-06
    1.430000E+00   -6.793559E-06
    1.440000E+00   -6.722363E-06
    1.450000E+00   -6.651618E-06
    1.460000E+00   -6.581328E-06
    1.470000E+00   -6.511496E-06
    1.480000E+00   -6.442127E-06
    1.490000E+00   -6.373224E-06
    1.500000E+00   -6.304789E-06
    1.510000E+00   -6.236826E-06
    1.520000E+00   -6.169337E-06
    1.530000E+00   -6.102324E-06
    1.540000E+00   -6.035791E-06
    1.550000E+00   -5.969739E-06
    1.560000E+00   -5.904170E-06
    1.570000E+00   -5.839087E-06
    1.580000E+00   -5.774490E-06
    1.590000E+00   -5.710381E-06
    1.600000E+00   -5.646763E-06
    1.610000E+00   -5.583635E-06
    1.620000E+00   -5.520999E-06
    1.630000E+00   -5.458856E-06
    1.640000E+00   -5.397206E-06
    1.650000E+00   -5.336051E-06
    1.660000E+00   -5.275390E-06
    1.670000E+00   -5.215224E-06
    1.680000E+00   -5.155554E-06
    1.690000E+00   -5.096379E-06
    1.700000E+00   -5.037699E-06
    1.710000E+00   -4.979514E-06
    1.720000E+00   -4.921825E-06
    1.730000E+00   -4.864629E-06
    1.740000E+00   -4.807928E-06
    1.750000E+00   -4.751720E-06
    1.760000E+00   -4.696004E-06
    1.770000E+00   -4.640780E-06
    1.780000E+00   -4.586047E-06
    1.790000E+00   -4.531804E-06
    1.800000E+00   -4.478050E-06
    1.810000E+00   -4.424783E-06
    1.820000E+00   -4.372002E-06
    1.830000E+00   -4.319706E-06
    1.840000E+00   -4.267894E-06
    1.850000E+00   -4.216563E-06
    1.860000E+00   -4.165713E-06
    1.870000E+00   -4.115341E-06
    1.880000E+00   -4.065446E-06
    1.890000E+00   -4.016025E-06
    1.900000E+00   -3.967078E-06
    1.910000E+00   -3.918601E-06
    1.920000E+00   -3.870594E-06
    1.930000E+00   -3.823054E-06
    1.940000E+00   -3.775978E-06
    1.950000E+00   -3.729365E-06
    1.960000E+00   -3.683211E-06
    1.970000E+00   -3.637516E-06
    1.980000E+00   -3.592277E-06
    1.990000E+00   -3.547491E-06
    2.000000E+00   -3.503155E-06
    2.010000E+00   -3.459267E-06
    2.020000E+00   -3.415826E-06
    2.030000E+00   -3.372827E-06
    2.040000E+00   -3.330269E-06
    2.050000E+00   -3.288148E-06
    2.060000E+00   -3.246463E-06
    2.070000E+00   -3.205210E-06
    2.080000E+00   -3.164387E-06
    2.090000E+00   -3.123991E-06
    2.100000E+00   -3.084019E-06
    2.110000E+00   -3.044468E-06
    2.120000E+00   -3.005335E-06
    2.130000E+00   -2.966618E-06
    2.140000E+00   -2.928314E-06
    2.150000E+00   -2.890419E-06
    2.160000E+00   -2.852931E-06
    2.170000E+00   -2.815847E-06
    2.180000E+00   -2.779164E-06
    2.190000E+00   -2.742878E-06
    2.200000E+00   -2.706988E-06
    2.210000E+00   -2.671489E-06
    2.220000E+00   -2.636379E-06
    2.230000E+00   -2.601655E-06
    2.240000E+00   -2.567314E-06
    2.250000E+00   -2.533353E-06
    2.260000E+00   -2.499768E-06
    2.270000E+00   -2.466558E-06
    2.280000E+00   -2.433717E-06
    2.290000E+00   -2.401244E-06
    2.300000E+00   -2.369136E-06
    2.310000E+00   -2.337390E-06
    2.320000E+00   -2.306001E-06
    2.330000E+00   -2.274968E-06
    2.340000E+00   -2.244287E-06
    2.350000E+00   -2.213956E-06
    2.360000E+00   -2.183970E-06
    2.370000E+00   -2.154328E-06
    2.380000E+00   -2.125026E-06
    2.390000E+00   -2.096061E-06
    2.400000E+00   -2.067430E-06
    2.410000E+00   -2.039130E-06
    2.420000E+00   -2.011158E-06
    2.430000E+00   -1.983510E-06
    2.440000E+00   -1.956185E-06
    2.450000E+00   -1.929179E-06
    2.460000E+00   -1.902489E-06
    2.470000E+00   -1.876112E-06
    2.480000E+00   -1.850045E-06
    2.490000E+00   -1.824285E-06
    2.500000E+00   -1.798829E-06
    2.510000E+00   -1.773674E-06
    2.520000E+00   -1.748818E-06
    2.530000E+00   -1.724257E-06
    2.540000E+00   -1.699989E-06
    2.550000E+00   -1.676011E-06
    2.560000E+00   -1.652319E-06
    2.570000E+00   -1.628911E-06
    2.580000E+00   -1.605785E-06
    2.590000E+00   -1.582936E-06
    2.600000E+00   -1.560364E-06
    2.610000E+00   -1.538064E-06
    2.620000E+00   -1.516034E-06
    2.630000E+00   -1.494271E-06
    2.640000E+00   -1.472773E-06
    2.650000E+00   -1.451537E-06
    2.660000E+00   -1.430560E-06
    2.670000E+00   -1.409839E-06
    2.680000E+00   -1.389372E-06
    2.690000E+00   -1.369156E-06
    2.700000E+00   -1.349189E-06
    2.710000E+00   -1.329467E-06
    2.720000E+00   -1.309989E-06
    2.730000E+00   -1.290752E-06
    2.740000E+00   -1.271752E-06
    2.750000E+00   -1.252989E-06
    2.760000E+00   -1.234458E-06
    2.770000E+00   -1.216158E-06
    2.780000E+00   -1.198086E-06
    2.790000E+00   -1.180240E-06
    2.800000E+00   -1.162616E-06
    2.810000E+00   -1.145214E-06
    2.820000E+00   -1.128030E-06
    2.830000E+00   -1.111062E-06
    2.840000E+00   -1.094308E-06
    2.850000E+00   -1.077765E-06
    2.860000E+00   -1.061431E-06
    2.870000E+00   -1.045303E-06
    2.880000E+00   -1.029380E-06
    2.890000E+00   -1.013659E-06
    2.900000E+00   -9.981376E-07
    2.910000E+00   -9.828139E-07
    2.920000E+00   -9.676855E-07
    2.930000E+00   -9.527504E-07
    2.940000E+00   -9.380062E-07
    2.950000E+00   -9.234509E-07
    2.960000E+00   -9.090823E-07
    2.970000E+00   -8.948983E-07
    2.980000E+00   -8.808968E-07
    2.990000E+00   -8.670757E-07
    3.000000E+00   -8.534329E-07
    3.010000E+00   -8.399665E-07
    3.020000E+00   -8.266743E-07
    3.030000E+00   -8.135544E-07
    3.040000E+00   -8.006049E-07
    3.050000E+00   -7.878236E-07
    3.060000E+00   -7.752087E-07
    3.070000E+00   -7.627583E-07
    3.080000E+00   -7.504705E-07
    3.090000E+00   -7.383433E-07
    3.100000E+00   -7.263748E-07
    3.110000E+00   -7.145633E-07
    3.120000E+00   -7.029069E-07
    3.130000E+00   -6.914037E-07
    3.140000E+00   -6.800520E-07
    3.150000E+00   -6.688500E-07
    3.160000E+00   -6.577959E-07
    3.170000E+00   -6.468880E-07
    3.180000E+00   -6.361245E-07
    3.190000E+00   -6.255037E-07
    3.200000E+00   -6.150239E-07
    3.210000E+00   -6.046835E-07
    3.220000E+00   -5.944808E-07
    3.230000E+00   -5.844142E-07
    3.240000E+00   -5.744819E-07
    3.250000E+00   -5.646825E-07
    3.260000E+00   -5.550143E-07
    3.270000E+00   -5.454757E-07
    3.280000E+00   -5.360652E-07
    3.290000E+00   -5.267812E-07
    3.300000E+00   -5.176223E-07
    3.310000E+00   -5.085868E-07
    3.320000E+00   -4.996734E-07
    3.330000E+00   -4.908804E-07
    3.340000E+00   -4.822065E-07
    3.350000E+00   -4.736503E-07
    3.360000E+00   -4.652102E-07
    3.370000E+00   -4.568848E-07
    3.380000E+00   -4.486729E-07
    3.390000E+00   -4.405729E-07
    3.400000E+00   -4.325835E-07
    3.410000E+00   -4.247033E-07
    3.420000E+00   -4.169311E-07
    3.430000E+00   -4.092654E-07
    3.440000E+00   -4.017050E-07
    3.450000E+00   -3.942486E-07
    3.460000E+00   -3.868948E-07
    3.470000E+00   -3.796425E-07
    3.480000E+00   -3.724903E-07
    3.490000E+00   -3.654371E-07
    3.500000E+00   -3.584815E-07
    3.510000E+00   -3.516224E-07
    3.520000E+00   -3.448586E-07
    3.530000E+00   -3.381889E-07
    3.540000E+00   -3.316122E-07
    3.550000E+00   -3.251271E-07
    3.560000E+00   -3.187327E-07
    3.570000E+00   -3.124278E-07
    3.580000E+00   -3.062113E-07
    3.590000E+00   -3.000819E-07
    3.600000E+00   -2.940388E-07
    3.610000E+00   -2.880807E-07
    3.620000E+00   -2.822067E-07
    3.630000E+00   -2.764156E-07
    3.640000E+00   -2.707063E-07
    3.650000E+00   -2.650780E-07
    3.660000E+00   -2.595295E-07
    3.670000E+00   -2.540599E-07
    3.680000E+00   -2.486680E-07
    3.690000E+00   -2.433531E-07
    3.700000E+00   -2.381140E-07
    3.710000E+00   -2.329498E-07
    3.720000E+00   -2.278596E-07
    3.730000E+00   -2.228424E-07
    3.740000E+00   -2.178973E-07
    3.750000E+00   -2.130234E-07
    3.760000E+00   -2.082198E-07
    3.770000E+00   -2.034855E-07
    3.780000E+00   -1.988196E-07
    3.790000E+00   -1.942214E-07
    3.800000E+00   -1.896899E-07
    3.810000E+00   -1.852243E-07
    3.820000E+00   -1.808238E-07
    3.830000E+00   -1.764874E-07
    3.840000E+00   -1.722144E-07
    3.850000E+00   -1.680039E-07
    3.860000E+00   -1.638552E-07
    3.870000E+00   -1.597675E-07
    3.880000E+00   -1.557399E-07
    3.890000E+00   -1.517717E-07
    3.900000E+00   -1.478621E-07
    3.910000E+00   -1.440103E-07
    3.920000E+00   -1.402157E-07
    3.930000E+00   -1.364775E-07
    3.940000E+00   -1.327948E-07
    3.950000E+00   -1.291671E-07
    3.960000E+00   -1.255936E-07
    3.970000E+00   -1.220736E-07
    3.980000E+00   -1.186064E-07
    3.990000E+00   -1.151912E-07
    4.000000E+00   -1.118275E-07
    4.010000E+00   -1.085146E-07
    4.020000E+00   -1.052517E-07
    4.030000E+00   -1.020383E-07
    4.040000E+00   -9.887362E-08
    4.050000E+00   -9.575711E-08
    4.060000E+00   -9.268811E-08
    4.070000E+00   -8.966599E-08
    4.080000E+00   -8.669014E-08
    4.090000E+00   -8.375995E-08
    4.100000E+00   -8.087482E-08
    4.110000E+00   -7.803415E-08
    4.120000E+00   -7.523735E-08
    4.130000E+00   -7.248385E-08
    4.140000E+00   -6.977308E-08
    4.150000E+00   -6.710445E-08
    4.160000E+00   -6.447743E-08
    4.170000E+00   -6.189145E-08
    4.180000E+00   -5.934597E-08
    4.190000E+00   -5.684045E-08
    4.200000E+00   -5.437437E-08
    4.210000E+00   -5.194719E-08
    4.220000E+00   -4.955839E-08
    4.230000E+00   -4.720747E-08
    4.240000E+00   -4.489392E-08
    4.250000E+00   -4.261723E-08
    4.260000E+00   -4.037692E-08
    4.270000E+00   -3.817251E-08
    4.280000E+00   -3.600349E-08
    4.290000E+00   -3.386941E-08
    4.300000E+00   -3.176980E-08
    4.310000E+00   -2.970418E-08
    4.320000E+00   -2.767211E-08
    4.330000E+00   -2.567312E-08
    4.340000E+00   -2.370678E-08
    4.350000E+00   -2.177265E-08
    4.360000E+00   -1.987028E-08
    4.370000E+00   -1.799926E-08
    4.380000E+00   -1.615915E-08
    4.390000E+00   -1.434953E-08
    4.400000E+00   -1.257000E-08
    4.410000E+00   -1.082015E-08
    4.420000E+00   -9.099565E-09
    4.430000E+00   -7.407856E-09
    4.440000E+00   -5.744626E-09
    4.450000E+00   -4.109490E-09
    4.460000E+00   -2.502062E-09
    4.470000E+00   -9.219662E-10
    4.480000E+00    6.311723E-10
    4.490000E+00    2.157722E-09
    4.500000E+00    3.658047E-09
    4.510000E+00    5.132507E-09
    4.520000E+00    6.581457E-09
    4.530000E+00    8.005246E-09
    4.540000E+00    9.404222E-09
    4.550000E+00    1.077873E-08
    4.560000E+00    1.212909E-08
    4.570000E+00    1.345566E-08
    4.580000E+00    1.475875E-08
    4.590000E+00    1.603870E-08
    4.600000E+00    1.729581E-08
    4.610000E+00    1.853042E-08
    4.620000E+00    1.974282E-08
    4.630000E+00    2.093333E-08
    4.640000E+00    2.210226E-08
    4.650000E+00    2.324989E-08
    4.660000E+00    2.437654E-08
    4.670000E+00    2.548249E-08
    4.680000E+00    2.656803E-08
    4.690000E+00    2.763344E-08
    4.700000E+00    2.867901E-08
    4.710000E+00    2.970502E-08
    4.720000E+00    3.071174E-08
    4.730000E+00    3.169944E-08
    4.740000E+00    3.266839E-08
    4.750000E+00    3.361885E-08
    4.760000E+00    3.455109E-08
    4.770000E+00    3.546535E-08
    4.780000E+00    3.636190E-08
    4.790000E+00    3.724098E-08
    4.800000E+00    3.810285E-08
    4.810000E+00    3.894774E-08
    4.820000E+00    3.977590E-08
    4.830000E+00    4.058756E-08
    4.840000E+00    4.138297E-08
    4.850000E+00    4.216234E-08
    4.860000E+00    4.292592E-08
    4.870000E+00    4.367392E-08
    4.880000E+00    4.440657E-08
    4.890000E+00    4.512409E-08
    4.900000E+00    4.582669E-08
    4.910000E+00    4.651459E-08
    4.920000E+00    4.718801E-08
    4.930000E+00    4.784715E-08
    4.940000E+00    4.849221E-08
    4.950000E+00    4.912340E-08
    4.960000E+00    4.974092E-08
    4.970000E+00    5.034497E-08
    4.980000E+00    5.093574E-08
    4.990000E+00    5.151343E-08
    5.000000E+00    5.207823E-08
    5.010000E+00    5.263032E-08
    5.020000E+00    5.316989E-08
    5.030000E+00    5.369713E-08
    5.040000E+00    5.421221E-08
    5.050000E+00    5.471531E-08
    5.060000E+00    5.520660E-08
    5.070000E+00    5.568627E-08
    5.080000E+00    5.615448E-08
    5.090000E+00    5.661141E-08
    5.100000E+00    5.705721E-08
    5.110000E+00    5.749205E-08
    5.120000E+00    5.791610E-08
    5.130000E+00    5.832952E-08
    5.140000E+00    5.873246E-08
    5.150000E+00    5.912507E-08
    5.160000E+00    5.950753E-08
    5.170000E+00    5.987997E-08
    5.180000E+00    6.024254E-08
    5.190000E+00    6.059540E-08
    5.200000E+00    6.093869E-08
    5.210000E+00    6.127255E-08
    5.220000E+00    6.159713E-08
    5.230000E+00    6.191257E-08
    5.240000E+00    6.221900E-08
    5.250000E+00    6.251656E-08
    5.260000E+00    6.280539E-08
    5.270000E+00    6.308561E-08
    5.280000E+00    6.335737E-08
    5.290000E+00    6.362079E-08
    5.300000E+00    6.387599E-08
    5.310000E+00    6.412311E-08
    5.320000E+00    6.436227E-08
    5.330000E+00    6.459359E-08
    5.340000E+00    6.481719E-08
    5.350000E+00    6.503319E-08
    5.360000E+00    6.524171E-08
    5.370000E+00    6.544287E-08
    5.380000E+00    6.563677E-08
    5.390000E+00    6.582354E-08
    5.400000E+00    6.600328E-08
    5.410000E+00    6.617611E-08
    5.420000E+00    6.634214E-08
    5.430000E+00    6.650146E-08
    5.440000E+00    6.665419E-08
    5.450000E+00    6.680043E-08
    5.460000E+00    6.694029E-08
    5.470000E+00    6.707386E-08
    5.480000E+00    6.720124E-08
    5.490000E+00    6.732254E-08
    5.500000E+00    6.743786E-08
    5.510000E+00    6.754728E-08
    5.520000E+00    6.765090E-08
    5.530000E+00    6.774882E-08
    5.540000E+00    6.784113E-08
    5.550000E+00    6.792792E-08
    5.560000E+00    6.800928E-08
    5.570000E+00    6.808530E-08
    5.580000E+00    6.815606E-08
    5.590000E+00    6.822165E-08
    5.600000E+00    6.828216E-08
    5.610000E+00    6.833768E-08
    5.620000E+00    6.838827E-08
    5.630000E+00    6.843403E-08
    5.640000E+00    6.847504E-08
    5.650000E+00    6.851137E-08
    5.660000E+00    6.854310E-08
    5.670000E+00    6.857032E-08
    5.680000E+00    6.859309E-08
    5.690000E+00    6.861149E-08
    5.700000E+00    6.862560E-08
    5.710000E+00    6.863549E-08
    5.720000E+00    6.864123E-08
    5.730000E+00    6.864289E-08
    5.740000E+00    6.864054E-08
    5.750000E+00    6.863426E-08
    5.760000E+00    6.862410E-08
    5.770000E+00    6.861014E-08
    5.780000E+00    6.859245E-08
    5.790000E+00    6.857108E-08
    5.800000E+00    6.854610E-08
    5.810000E+00    6.851758E-08
    5.820000E+00    6.848558E-08
    5.830000E+00    6.845016E-08
    5.840000E+00    6.841138E-08
    5.850000E+00    6.836931E-08
    5.860000E+00    6.832399E-08
    5.870000E+00    6.827550E-08
    5.880000E+00    6.822388E-08
    5.890000E+00    6.816920E-08
    5.900000E+00    6.811150E-08
    5.910000E+00    6.805086E-08
    5.920000E+00    6.798731E-08
    5.930000E+00    6.792091E-08
    5.940000E+00    6.785172E-08
    5.950000E+00    6.777979E-08
    5.960000E+00    6.770517E-08
    5.970000E+00    6.762792E-08
    5.980000E+00    6.754807E-08
    5.990000E+00    6.746568E-08
    6.000000E+00    6.738080E-08
    6.010000E+00    6.729348E-08
    6.020000E+00    6.720376E-08
    6.030000E+00    6.711170E-08
    6.040000E+00    6.701733E-08
    6.050000E+00    6.692070E-08
    6.060000E+00    6.682186E-08
    6.070000E+00    6.672085E-08
    6.080000E+00    6.661771E-08
    6.090000E+00    6.651249E-08
    6.100000E+00    6.640522E-08
    6.110000E+00    6.629596E-08
    6.120000E+00    6.618474E-08
    6.130000E+00    6.607160E-08
    6.140000E+00    6.595658E-08
    6.150000E+00    6.583973E-08
    6.160000E+00    6.572107E-08
    6.170000E+00    6.560065E-08
    6.180000E+00    6.547850E-08
    6.190000E+00    6.535467E-08
    6.200000E+00    6.522918E-08
    6.210000E+00    6.510208E-08
    6.220000E+00    6.497339E-08
    6.230000E+00    6.484316E-08
    6.240000E+00    6.471142E-08
    6.250000E+00    6.457820E-08
    6.260000E+00    6.444354E-08
    6.270000E+00    6.430747E-08
    6.280000E+00    6.417001E-08
    6.290000E+00    6.403122E-08
    6.300000E+00    6.389110E-08
    6.310000E+00    6.374970E-08
    6.320000E+00    6.360705E-08
    6.330000E+00    6.346317E-08
    6.340000E+00    6.331810E-08
    6.350000E+00    6.317186E-08
    6.360000E+00    6.302449E-08
    6.370000E+00    6.287600E-08
    6.380000E+00    6.272644E-08
    6.390000E+00    6.257583E-08
    6.400000E+00    6.242419E-08
    6.410000E+00    6.227155E-08
    6.420000E+00    6.211794E-08
    6.430000E+00    6.196338E-08
    6.440000E+00    6.180790E-08
    6.450000E+00    6.165153E-08
    6.460000E+00    6.149428E-08
    6.470000E+00    6.133619E-08
    6.480000E+00    6.117727E-08
    6.490000E+00    6.101755E-08
    6.500000E+00    6.085706E-08
    6.510000E+00    6.069582E-08
    6.520000E+00    6.053384E-08
    6.530000E+00    6.037116E-08
    6.540000E+00    6.020779E-08
    6.550000E+00    6.004375E-08
    6.560000E+00    5.987907E-08
    6.570000E+00    5.971377E-08
    6.580000E+00    5.954786E-08
    6.590000E+00    5.938137E-08
    6.600000E+00    5.921432E-08
    6.610000E+00    5.904673E-08
    6.620000E+00    5.887862E-08
    6.630000E+00    5.871000E-08
    6.640000E+00    5.854089E-08
    6.650000E+00    5.837132E-08
    6.660000E+00    5.820130E-08
    6.670000E+00    5.803084E-08
    6.680000E+00    5.785998E-08
    6.690000E+00    5.768871E-08
    6.700000E+00    5.751707E-08
    6.710000E+00    5.734506E-08
    6.720000E+00    5.717271E-08
    6.730000E+00    5.700003E-08
    6.740000E+00    5.682704E-08
    6.750000E+00    5.665374E-08
    6.760000E+00    5.648017E-08
    6.770000E+00    5.630632E-08
    6.780000E+00    5.613222E-08
    6.790000E+00    5.595789E-08
    6.800000E+00    5.578333E-08
    6.810000E+00    5.560856E-08
    6.820000E+00    5.543360E-08
    6.830000E+00    5.525845E-08
    6.840000E+00    5.508314E-08
    6.850000E+00    5.490767E-08
    6.860000E+00    5.473206E-08
    6.870000E+00    5.455632E-08
    6.880000E+00    5.438047E-08
    6.890000E+00    5.420451E-08
    6.900000E+00    5.402846E-08
    6.910000E+00    5.385233E-08
    6.920000E+00    5.367613E-08
    6.930000E+00    5.349988E-08
    6.940000E+00    5.332358E-08
    6.950000E+00    5.314725E-08
    6.960000E+00    5.297089E-08
    6.970000E+00    5.279453E-08
    6.980000E+00    5.261816E-08
    6.990000E+00    5.244181E-08
    7.000000E+00    5.226547E-08
    7.010000E+00    5.208917E-08
    7.020000E+00    5.191290E-08
    7.030000E+00    5.173668E-08
    7.040000E+00    5.156053E-08
    7.050000E+00    5.138444E-08
    7.060000E+00    5.120843E-08
    7.070000E+00    5.103251E-08
    7.080000E+00    5.085668E-08
    7.090000E+00    5.068096E-08
    7.100000E+00    5.050536E-08
    7.110000E+00    5.032987E-08
    7.120000E+00    5.015452E-08
    7.130000E+00    4.997930E-08
    7.140000E+00    4.980423E-08
    7.150000E+00    4.962932E-08
    7.160000E+00    4.945456E-08
    7.170000E+00    4.927998E-08
    7.180000E+00    4.910557E-08
    7.190000E+00    4.893135E-08
    7.200000E+00    4.875732E-08
    7.210000E+00    4.858349E-08
    7.220000E+00    4.840987E-08
    7.230000E+00    4.823645E-08
    7.240000E+00    4.806326E-08
    7.250000E+00    4.789029E-08
    7.260000E+00    4.771755E-08
    7.270000E+00    4.754506E-08
    7.280000E+00    4.737280E-08
    7.290000E+00    4.720080E-08
    7.300000E+00    4.702905E-08
    7.310000E+00    4.685756E-08
    7.320000E+00    4.668634E-08
    7.330000E+00    4.651540E-08
    7.340000E+00    4.634473E-08
    7.350000E+00    4.617435E-08
    7.360000E+00    4.600425E-08
    7.370000E+00    4.583445E-08
    7.380000E+00    4.566495E-08
    7.390000E+00    4.549576E-08
    7.400000E+00    4.532687E-08
    7.410000E+00    4.515829E-08
    7.420000E+00    4.499004E-08
    7.430000E+00    4.482210E-08
    7.440000E+00    4.465450E-08
    7.450000E+00    4.448722E-08
    7.460000E+00    4.432028E-08
    7.470000E+00    4.415368E-08
    7.480000E+00    4.398743E-08
    7.490000E+00    4.382152E-08
    7.500000E+00    4.365596E-08
    7.510000E+00    4.349076E-08
    7.520000E+00    4.332592E-08
    7.530000E+00    4.316144E-08
    7.540000E+00    4.299732E-08
    7.550000E+00    4.283358E-08
    7.560000E+00    4.267020E-08
    7.570000E+00    4.250721E-08
    7.580000E+00    4.234459E-08
    7.590000E+00    4.218235E-08
    7.600000E+00    4.202050E-08
    7.610000E+00    4.185904E-08
    7.620000E+00    4.169797E-08
    7.630000E+00    4.153729E-08
    7.640000E+00    4.137701E-08
    7.650000E+00    4.121713E-08
    7.660000E+00    4.105765E-08
    7.670000E+00    4.089858E-08
    7.680000E+00    4.073991E-08
    7.690000E+00    4.058165E-08
    7.700000E+00    4.042380E-08
    7.710000E+00    4.026637E-08
    7.720000E+00    4.010935E-08
    7.730000E+00    3.995275E-08
    7.740000E+00    3.979658E-08
    7.750000E+00    3.964082E-08
    7.760000E+00    3.948549E-08
    7.770000E+00    3.933058E-08
    7.780000E+00    3.917610E-08
    7.790000E+00    3.902205E-08
    7.800000E+00    3.886843E-08
    7.810000E+00    3.871525E-08
    7.820000E+00    3.856249E-08
    7.830000E+00    3.841018E-08
    7.840000E+00    3.825830E-08
    7.850000E+00    3.810686E-08
    7.860000E+00    3.795587E-08
    7.870000E+00    3.780531E-08
    7.880000E+00    3.765520E-08
    7.890000E+00    3.750553E-08
    7.900000E+00    3.735630E-08
    7.910000E+00    3.720753E-08
    7.920000E+00    3.705920E-08
    7.930000E+00    3.691132E-08
    7.940000E+00    3.676389E-08
    7.950000E+00    3.661691E-08
    7.960000E+00    3.647038E-08
    7.970000E+00    3.632430E-08
    7.980000E+00    3.617868E-08
    7.990000E+00    3.603351E-08
    8.000000E+00    3.588880E-08
    8.010000E+00    3.574454E-08
    8.020000E+00    3.560074E-08
    8.030000E+00    3.545739E-08
    8.040000E+00    3.531451E-08
    8.050000E+00    3.517208E-08
    8.060000E+00    3.503011E-08
    8.070000E+00    3.488860E-08
    8.080000E+00    3.474754E-08
    8.090000E+00    3.460695E-08
    8.100000E+00    3.446682E-08
    8.110000E+00    3.432715E-08
    8.120000E+00    3.418794E-08
    8.130000E+00    3.404919E-08
    8.140000E+00    3.391090E-08
    8.150000E+00    3.377307E-08
    8.160000E+00    3.363571E-08
    8.170000E+00    3.349881E-08
    8.180000E+00    3.336237E-08
    8.190000E+00    3.322639E-08
    8.200000E+00    3.309087E-08
    8.210000E+00    3.295582E-08
    8.220000E+00    3.282123E-08
    8.230000E+00    3.268710E-08
    8.240000E+00    3.255343E-08
    8.250000E+00    3.242022E-08
    8.260000E+00    3.228748E-08
    8.270000E+00    3.215520E-08
    8.280000E+00    3.202338E-08
    8.290000E+00    3.189202E-08
    8.300000E+00    3.176112E-08
    8.310000E+00    3.163069E-08
    8.320000E+00    3.150071E-08
    8.330000E+00    3.137120E-08
    8.340000E+00    3.124214E-08
    8.350000E+00    3.111355E-08
    8.360000E+00    3.098541E-08
    8.370000E+00    3.085773E-08
    8.380000E+00    3.073052E-08
    8.390000E+00    3.060376E-08
    8.400000E+00    3.047745E-08
    8.410000E+00    3.035161E-08
    8.420000E+00    3.022622E-08
    8.430000E+00    3.010129E-08
    8.440000E+00    2.997681E-08
    8.450000E+00    2.985279E-08
    8.460000E+00    2.972923E-08
    8.470000E+00    2.960612E-08
    8.480000E+00    2.948346E-08
    8.490000E+00    2.936126E-08
    8.500000E+00    2.923951E-08
    8.510000E+00    2.911821E-08
    8.520000E+00    2.899736E-08
    8.530000E+00    2.887696E-08
    8.540000E+00    2.875701E-08
    8.550000E+00    2.863751E-08
    8.560000E+00    2.851846E-08
    8.570000E+00    2.839986E-08
    8.580000E+00    2.828170E-08
    8.590000E+00    2.816399E-08
    8.600000E+00    2.804672E-08
    8.610000E+00    2.792990E-08
    8.620000E+00    2.781353E-08
    8.630000E+00    2.769759E-08
    8.640000E+00    2.758210E-08
    8.650000E+00    2.746705E-08
    8.660000E+00    2.735244E-08
    8.670000E+00    2.723827E-08
    8.680000E+00    2.712454E-08
    8.690000E+00    2.701124E-08
    8.700000E+00    2.689839E-08
    8.710000E+00    2.678597E-08
    8.720000E+00    2.667398E-08
    8.730000E+00    2.656243E-08
    8.740000E+00    2.645131E-08
    8.750000E+00    2.634062E-08
    8.760000E+00    2.623037E-08
    8.770000E+00    2.612054E-08
    8.780000E+00    2.601115E-08
    8.790000E+00    2.590218E-08
    8.800000E+00    2.579364E-08
    8.810000E+00    2.568553E-08
    8.820000E+00    2.557784E-08
    8.830000E+00    2.547058E-08
    8.840000E+00    2.536374E-08
    8.850000E+00    2.525732E-08
    8.860000E+00    2.515132E-08
    8.870000E+00    2.504575E-08
    8.880000E+00    2.494059E-08
    8.890000E+00    2.483585E-08
    8.900000E+00    2.473153E-08
    8.910000E+00    2.462762E-08
    8.920000E+00    2.452413E-08
    8.930000E+00    2.442105E-08
    8.940000E+00    2.431839E-08
    8.950000E+00    2.421613E-08
    8.960000E+00    2.411429E-08
    8.970000E+00    2.401286E-08
    8.980000E+00    2.391183E-08
    8.990000E+00    2.381121E-08
    9.000000E+00    2.371100E-08
    9.010000E+00    2.361119E-08
    9.020000E+00    2.351179E-08
    9.030000E+00    2.341279E-08
    9.040000E+00    2.331419E-08
    9.050000E+00    2.321599E-08
    9.060000E+00    2.311819E-08
    9.070000E+00    2.302078E-08
    9.080000E+00    2.292378E-08
    9.090000E+00    2.282716E-08
    9.100000E+00    2.273095E-08
    9.110000E+00    2.263512E-08
    9.120000E+00    2.253969E-08
    9.130000E+00    2.244465E-08
    9.140000E+00    2.235000E-08
    9.150000E+00    2.225574E-08
    9.160000E+00    2.216186E-08
    9.170000E+00    2.206837E-08
    9.180000E+00    2.197527E-08
    9.190000E+00    2.188255E-08
    9.200000E+00    2.179021E-08
    9.210000E+00    2.169825E-08
    9.220000E+00    2.160667E-08
    9.230000E+00    2.151548E-08
    9.240000E+00    2.142466E-08
    9.250000E+00    2.133421E-08
    9.260000E+00    2.124414E-08
    9.270000E+00    2.115445E-08
    9.280000E+00    2.106512E-08
    9.290000E+00    2.097617E-08
    9.300000E+00    2.088759E-08
    9.310000E+00    2.079938E-08
    9.320000E+00    2.071154E-08
    9.330000E+00    2.062406E-08
    9.340000E+00    2.053695E-08
    9.350000E+00    2.045020E-08
    9.360000E+00    2.036382E-08
    9.370000E+00    2.027779E-08
    9.380000E+00    2.019213E-08
    9.390000E+00    2.010683E-08
    9.400000E+00    2.002188E-08
    9.410000E+00    1.993729E-08
    9.420000E+00    1.985306E-08
    9.430000E+00    1.976918E-08
    9.440000E+00    1.968566E-08
    9.450000E+00    1.960248E-08
    9.460000E+00    1.951966E-08
    9.470000E+00    1.943719E-08
    9.480000E+00    1.935506E-08
    9.490000E+00    1.927328E-08
    9.500000E+00    1.919185E-08
    9.510000E+00    1.911076E-08
    9.520000E+00    1.903002E-08
    9.530000E+00    1.894961E-08
    9.540000E+00    1.886955E-08
    9.550000E+00    1.878983E-08
    9.560000E+00    1.871044E-08
    9.570000E+00    1.863140E-08
    9.580000E+00    1.855269E-08
    9.590000E+00    1.847431E-08
    9.600000E+00    1.839627E-08
    9.610000E+00    1.831856E-08
    9.620000E+00    1.824118E-08
    9.630000E+00    1.816413E-08
    9.640000E+00    1.808740E-08
    9.650000E+00    1.801101E-08
    9.660000E+00    1.793494E-08
    9.670000E+00    1.785920E-08
    9.680000E+00    1.778378E-08
    9.690000E+00    1.770868E-08
    9.700000E+00    1.763391E-08
    9.710000E+00    1.755945E-08
    9.720000E+00    1.748532E-08
    9.730000E+00    1.741150E-08
    9.740000E+00    1.733800E-08
    9.750000E+00    1.726481E-08
    9.760000E+00    1.719194E-08
    9.770000E+00    1.711937E-08
    9.780000E+00    1.704713E-08
    9.790000E+00    1.697519E-08
    9.800000E+00    1.690356E-08
    9.810000E+00    1.683224E-08
    9.820000E+00    1.676123E-08
    9.830000E+00    1.669052E-08
    9.840000E+00    1.662011E-08
    9.850000E+00    1.655001E-08
    9.860000E+00    1.648022E-08
    9.870000E+00    1.641072E-08
    9.880000E+00    1.634152E-08
    9.890000E+00    1.627262E-08
    9.900000E+00    1.620402E-08
    9.910000E+00    1.613572E-08
    9.920000E+00    1.606771E-08
    9.930000E+00    1.600000E-08
    9.940000E+00    1.593257E-08
    9.950000E+00    1.586544E-08
    9.960000E+00    1.579860E-08
    9.970000E+00    1.573205E-08
    9.980000E+00    1.566579E-08
    9.990000E+00    1.559981E-08
    1.000000E+01    1.553412E-08
    1.001000E+01    1.546872E-08
    1.002000E+01    1.540360E-08
    1.003000E+01    1.533876E-08
    1.004000E+01    1.527420E-08
    1.005000E+01    1.520992E-08
    1.006000E+01    1.514593E-08
    1.007000E+01    1.508221E-08
    1.008000E+01    1.501876E-08
    1.009000E+01    1.495559E-08
    1.010000E+01    1.489270E-08
    1.011000E+01    1.483008E-08
    1.012000E+01    1.476774E-08
    1.013000E+01    1.470566E-08
    1.014000E+01    1.464385E-08
    1.015000E+01    1.458232E-08
    1.016000E+01    1.452105E-08
    1.017000E+01    1.446005E-08
    1.018000E+01    1.439931E-08
    1.019000E+01    1.433884E-08
    1.020000E+01    1.427863E-08
    1.021000E+01    1.421869E-08
    1.022000E+01    1.415901E-08
    1.023000E+01    1.409958E-08
    1.024000E+01    1.404042E-08
    1.025000E+01    1.398151E-08
    1.026000E+01    1.392287E-08
    1.027000E+01    1.386447E-08
    1.028000E+01    1.380634E-08
    1.029000E+01    1.374845E-08
    1.030000E+01    1.369082E-08
    1.031000E+01    1.363344E-08
    1.032000E+01    1.357631E-08
    1.033000E+01    1.351944E-08
    1.034000E+01    1.346281E-08
    1.035000E+01    1.340643E-08
    1.036000E+01    1.335029E-08
    1.037000E+01    1.329440E-08
    1.038000E+01    1.323876E-08
    1.039000E+01    1.318335E-08
    1.040000E+01    1.312819E-08
    1.041000E+01    1.307328E-08
    1.042000E+01    1.301860E-08
    1.043000E+01    1.296416E-08
    1.044000E+01    1.290996E-08
    1.045000E+01    1.285600E-08
    1.046000E+01    1.280227E-08
    1.047000E+01    1.274878E-08
    1.048000E+01    1.269553E-08
    1.049000E+01    1.264251E-08
    1.050000E+01    1.258972E-08
    1.051000E+01    1.253716E-08
    1.052000E+01    1.248483E-08
    1.053000E+01    1.243273E-08
    1.054000E+01    1.238086E-08
    1.055000E+01    1.232922E-08
    1.056000E+01    1.227780E-08
    1.057000E+01    1.222661E-08
    1.058000E+01    1.217564E-08
    1.059000E+01    1.212490E-08
    1.060000E+01    1.207438E-08
    1.061000E+01    1.202408E-08
    1.062000E+01    1.197401E-08
    1.063000E+01    1.192415E-08
    1.064000E+01    1.187451E-08
    1.065000E+01    1.182509E-08
    1.066000E+01    1.177589E-08
    1.067000E+01    1.172690E-08
    1.068000E+01    1.167813E-08
    1.069000E+01    1.162957E-08
    1.070000E+01    1.158122E-08
    1.071000E+01    1.153309E-08
    1.072000E+01    1.148517E-08
    1.073000E+01    1.143746E-08
    1.074000E+01    1.138996E-08
    1.075000E+01    1.134266E-08
    1.076000E+01    1.129558E-08
    1.077000E+01    1.124870E-08
    1.078000E+01    1.120203E-08
    1.079000E+01    1.115556E-08
    1.080000E+01    1.110930E-08
    1.081000E+01    1.106324E-08
    1.082000E+01    1.101738E-08
    1.083000E+01    1.097172E-08
    1.084000E+01    1.092627E-08
    1.085000E+01    1.088101E-08
    1.086000E+01    1.083595E-08
    1.087000E+01    1.079110E-08
    1.088000E+01    1.074643E-08
    1.089000E+01    1.070197E-08
    1.090000E+01    1.065770E-08
    1.091000E+01    1.061362E-08
    1.092000E+01    1.056974E-08
    1.093000E+01    1.052605E-08
    1.094000E+01    1.048256E-08
    1.095000E+01    1.043925E-08
    1.096000E+01    1.039613E-08
    1.097000E+01    1.035321E-08
    1.098000E+01    1.031047E-08
    1.099000E+01    1.026792E-08
    1.100000E+01    1.022556E-08
    1.101000E+01    1.018338E-08
    1.102000E+01    1.014139E-08
    1.103000E+01    1.009958E-08
    1.104000E+01    1.005796E-08
    1.105000E+01    1.001652E-08
    1.106000E+01    9.975262E-09
    1.107000E+01    9.934185E-09
    1.108000E+01    9.893289E-09
    1.109000E+01    9.852572E-09
    1.110000E+01    9.812034E-09
    1.111000E+01    9.771674E-09
    1.112000E+01    9.731492E-09
    1.113000E+01    9.691486E-09
    1.114000E+01    9.651655E-09
    1.115000E+01    9.612000E-09
    1.116000E+01    9.572519E-09
    1.117000E+01    9.533211E-09
    1.118000E+01    9.494075E-09
    1.119000E+01    9.455112E-09
    1.120000E+01    9.416320E-09
    1.121000E+01    9.377697E-09
    1.122000E+01    9.339245E-09
    1.123000E+01    9.300961E-09
    1.124000E+01    9.262845E-09
    1.125000E+01    9.224897E-09
    1.126000E+01    9.187115E-09
    1.127000E+01    9.149499E-09
    1.128000E+01    9.112048E-09
    1.129000E+01    9.074761E-09
    1.130000E+01    9.037638E-09
    1.131000E+01    9.000678E-09
    1.132000E+01    8.963880E-09
    1.133000E+01    8.927243E-09
    1.134000E+01    8.890767E-09
    1.135000E+01    8.854451E-09
    1.136000E+01    8.818294E-09
    1.137000E+01    8.782295E-09
    1.138000E+01    8.746455E-09
    1.139000E+01    8.710772E-09
    1.140000E+01    8.675245E-09
    1.141000E+01    8.639873E-09
    1.142000E+01    8.604657E-09
    1.143000E+01    8.569595E-09
    1.144000E+01    8.534687E-09
    1.145000E+01    8.499931E-09
    1.146000E+01    8.465328E-09
    1.147000E+01    8.430876E-09
    1.148000E+01    8.396576E-09
    1.149000E+01    8.362425E-09
    1.150000E+01    8.328424E-09
    1.151000E+01    8.294572E-09
    1.152000E+01    8.260868E-09
    1.153000E+01    8.227312E-09
    1.154000E+01    8.193902E-09
    1.155000E+01    8.160638E-09
    1.156000E+01    8.127521E-09
    1.157000E+01    8.094548E-09
    1.158000E+01    8.061719E-09
    1.159000E+01    8.029034E-09
    1.160000E+01    7.996491E-09
    1.161000E+01    7.964091E-09
    1.162000E+01    7.931833E-09
    1.163000E+01    7.899715E-09
    1.164000E+01    7.867738E-09
    1.165000E+01    7.835901E-09
    1.166000E+01    7.804203E-09
    1.167000E+01    7.772643E-09
    1.168000E+01    7.741221E-09
    1.169000E+01    7.709937E-09
    1.170000E+01    7.678789E-09
    1.171000E+01    7.647777E-09
    1.172000E+01    7.616900E-09
    1.173000E+01    7.586158E-09
    1.174000E+01    7.555550E-09
    1.175000E+01    7.525076E-09
    1.176000E+01    7.494735E-09
    1.177000E+01    7.464526E-09
    1.178000E+01    7.434449E-09
    1.179000E+01    7.404503E-09
    1.180000E+01    7.374687E-09
    1.181000E+01    7.345002E-09
    1.182000E+01    7.315446E-09
    1.183000E+01    7.286018E-09
    1.184000E+01    7.256719E-09
    1.185000E+01    7.227548E-09
    1.186000E+01    7.198503E-09
    1.187000E+01    7.169585E-09
    1.188000E+01    7.140793E-09
    1.189000E+01    7.112126E-09
    1.190000E+01    7.083584E-09
    1.191000E+01    7.055167E-09
    1.192000E+01    7.026872E-09
    1.193000E+01    6.998701E-09
    1.194000E+01    6.970653E-09
    1.195000E+01    6.942726E-09
    1.196000E+01    6.914921E-09
    1.197000E+01    6.887237E-09
    1.198000E+01    6.859673E-09
    1.199000E+01    6.832228E-09
    1.200000E+01    6.804903E-09
    1.201000E+01    6.777697E-09
    1.202000E+01    6.750609E-09
    1.203000E+01    6.723638E-09
    1.204000E+01    6.696784E-09
    1.205000E+01    6.670047E-09
    1.206000E+01    6.643426E-09
    1.207000E+01    6.616921E-09
    1.208000E+01    6.590530E-09
    1.209000E+01    6.564254E-09
    1.210000E+01    6.538092E-09
    1.211000E+01    6.512043E-09
    1.212000E+01    6.486107E-09
    1.213000E+01    6.460284E-09
    1.214000E+01    6.434572E-09
    1.215000E+01    6.408972E-09
    1.216000E+01    6.383482E-09
    1.217000E+01    6.358103E-09
    1.218000E+01    6.332834E-09
    1.219000E+01    6.307674E-09
    1.220000E+01    6.282623E-09
    1.221000E+01    6.257681E-09
    1.222000E+01    6.232846E-09
    1.223000E+01    6.208118E-09
    1.224000E+01    6.183498E-09
    1.225000E+01    6.158984E-09
    1.226000E+01    6.134575E-09
    1.227000E+01    6.110273E-09
    1.228000E+01    6.086075E-09
    1.229000E+01    6.061982E-09
    1.230000E+01    6.037992E-09
    1.231000E+01    6.014106E-09
    1.232000E+01    5.990324E-09
    1.233000E+01    5.966644E-09
    1.234000E+01    5.943066E-09
    1.235000E+01    5.919589E-09
    1.236000E+01    5.896214E-09
    1.237000E+01    5.872940E-09
    1.238000E+01    5.849766E-09
    1.239000E+01    5.826692E-09
    1.240000E+01    5.803717E-09
    1.241000E+01    5.780841E-09
    1.242000E+01    5.758064E-09
    1.243000E+01    5.735384E-09
    1.244000E+01    5.712802E-09
    1.245000E+01    5.690318E-09
    1.246000E+01    5.667930E-09
    1.247000E+01    5.645638E-09
    1.248000E+01    5.623442E-09
    1.249000E+01    5.601342E-09
    1.250000E+01    5.579337E-09
    1.251000E+01    5.557426E-09
    1.252000E+01    5.535609E-09
    1.253000E+01    5.513886E-09
    1.254000E+01    5.492256E-09
    1.255000E+01    5.470719E-09
    1.256000E+01    5.449274E-09
    1.257000E+01    5.427921E-09
    1.258000E+01    5.406660E-09
    1.259000E+01    5.385490E-09
    1.260000E+01    5.364411E-09
    1.261000E+01    5.343422E-09
    1.262000E+01    5.322523E-09
    1.263000E+01    5.301713E-09
    1.264000E+01    5.280993E-09
    1.265000E+01    5.260361E-09
    1.266000E+01    5.239818E-09
    1.267000E+01    5.219362E-09
    1.268000E+01    5.198994E-09
    1.269000E+01    5.178713E-09
    1.270000E+01    5.158519E-09
    1.271000E+01    5.138411E-09
    1.272000E+01    5.118389E-09
    1.273000E+01    5.098453E-09
    1.274000E+01    5.078602E-09
    1.275000E+01    5.058835E-09
    1.276000E+01    5.039153E-09
    1.277000E+01    5.019555E-09
    1.278000E+01    5.000040E-09
    1.279000E+01    4.980609E-09
    1.280000E+01    4.961260E-09
    1.281000E+01    4.941994E-09
    1.282000E+01    4.922810E-09
    1.283000E+01    4.903708E-09
    1.284000E+01    4.884687E-09
    1.285000E+01    4.865748E-09
    1.286000E+01    4.846888E-09
    1.287000E+01    4.828109E-09
    1.288000E+01    4.809410E-09
    1.289000E+01    4.790791E-09
    1.290000E+01    4.772251E-09
    1.291000E+01    4.753789E-09
    1.292000E+01    4.735406E-09
    1.293000E+01    4.717101E-09
    1.294000E+01    4.698874E-09
    1.295000E+01    4.680724E-09
    1.296000E+01    4.662651E-09
    1.297000E+01    4.644655E-09
    1.298000E+01    4.626736E-09
    1.299000E+01    4.608892E-09
    1.300000E+01    4.591124E-09
    1.301000E+01    4.573431E-09
    1.302000E+01    4.555813E-09
    1.303000E+01    4.538270E-09
    1.304000E+01    4.520802E-09
    1.305000E+01    4.503407E-09
    1.306000E+01    4.486086E-09
    1.307000E+01    4.468838E-09
    1.308000E+01    4.451663E-09
    1.309000E+01    4.434561E-09
    1.310000E+01    4.417531E-09
    1.311000E+01    4.400573E-09
    1.312000E+01    4.383687E-09
    1.313000E+01    4.366872E-09
    1.314000E+01    4.350128E-09
    1.315000E+01    4.333454E-09
    1.316000E+01    4.316852E-09
    1.317000E+01    4.300319E-09
    1.318000E+01    4.283856E-09
    1.319000E+01    4.267462E-09
    1.320000E+01    4.251138E-09
    1.321000E+01    4.234882E-09
    1.322000E+01    4.218695E-09
    1.323000E+01    4.202576E-09
    1.324000E+01    4.186525E-09
    1.325000E+01    4.170541E-09
    1.326000E+01    4.154625E-09
    1.327000E+01    4.138775E-09
    1.328000E+01    4.122993E-09
    1.329000E+01    4.107276E-09
    1.330000E+01    4.091626E-09
    1.331000E+01    4.076042E-09
    1.332000E+01    4.060523E-09
    1.333000E+01    4.045069E-09
    1.334000E+01    4.029680E-09
    1.335000E+01    4.014355E-09
    1.336000E+01    3.999095E-09
    1.337000E+01    3.983899E-09
    1.338000E+01    3.968767E-09
    1.339000E+01    3.953698E-09
    1.340000E+01    3.938692E-09
    1.341000E+01    3.923749E-09
    1.342000E+01    3.908869E-09
    1.343000E+01    3.894051E-09
    1.344000E+01    3.879295E-09
    1.345000E+01    3.864601E-09
    1.346000E+01    3.849968E-09
    1.347000E+01    3.835396E-09
    1.348000E+01    3.820886E-09
    1.349000E+01    3.806436E-09
    1.350000E+01    3.792046E-09
    1.351000E+01    3.777716E-09
    1.352000E+01    3.763447E-09
    1.353000E+01    3.749237E-09
    1.354000E+01    3.735086E-09
    1.355000E+01    3.720994E-09
    1.356000E+01    3.706961E-09
    1.357000E+01    3.692986E-09
    1.358000E+01    3.679070E-09
    1.359000E+01    3.665211E-09
    1.360000E+01    3.651411E-09
    1.361000E+01    3.637667E-09
    1.362000E+01    3.623981E-09
    1.363000E+01    3.610352E-09
    1.364000E+01    3.596780E-09
    1.365000E+01    3.583264E-09
    1.366000E+01    3.569804E-09
    1.367000E+01    3.556400E-09
    1.368000E+01    3.543052E-09
    1.369000E+01    3.529760E-09
    1.370000E+01    3.516522E-09
    1.371000E+01    3.503339E-09
    1.372000E+01    3.490212E-09
    1.373000E+01    3.477138E-09
    1.374000E+01    3.464119E-09
    1.375000E+01    3.451154E-09
    1.376000E+01    3.438242E-09
    1.377000E+01    3.425384E-09
    1.378000E+01    3.412579E-09
    1.379000E+01    3.399827E-09
    1.380000E+01    3.387128E-09
    1.381000E+01    3.374482E-09
    1.382000E+01    3.361887E-09
    1.383000E+01    3.349345E-09
    1.384000E+01    3.336855E-09
    1.385000E+01    3.324416E-09
    1.386000E+01    3.312029E-09
    1.387000E+01    3.299693E-09
    1.388000E+01    3.287407E-09
    1.389000E+01    3.275173E-09
    1.390000E+01    3.262988E-09
    1.391000E+01    3.250854E-09
    1.392000E+01    3.238771E-09
    1.393000E+01    3.226736E-09
    1.394000E+01    3.214752E-09
    1.395000E+01    3.202817E-09
    1.396000E+01    3.190931E-09
    1.397000E+01    3.179093E-09
    1.398000E+01    3.167305E-09
    1.399000E+01    3.155565E-09
    1.400000E+01    3.143873E-09
    1.401000E+01    3.132230E-09
    1.402000E+01    3.120634E-09
    1.403000E+01    3.109086E-09
    1.404000E+01    3.097585E-09
    1.405000E+01    3.086131E-09
    1.406000E+01    3.074725E-09
    1.407000E+01    3.063365E-09
    1.408000E+01    3.052051E-09
    1.409000E+01    3.040785E-09
    1.410000E+01    3.029564E-09
    1.411000E+01    3.018389E-09
    1.412000E+01    3.007260E-09
    1.413000E+01    2.996177E-09
    1.414000E+01    2.985138E-09
    1.415000E+01    2.974146E-09
    1.416000E+01    2.963198E-09
    1.417000E+01    2.952294E-09
    1.418000E+01    2.941436E-09
    1.419000E+01    2.930621E-09
    1.420000E+01    2.919851E-09
    1.421000E+01    2.909125E-09
    1.422000E+01    2.898442E-09
    1.423000E+01    2.887803E-09
    1.424000E+01    2.877208E-09
    1.425000E+01    2.866656E-09
    1.426000E+01    2.856146E-09
    1.427000E+01    2.845680E-09
    1.428000E+01    2.835256E-09
    1.429000E+01    2.824874E-09
    1.430000E+01    2.814535E-09
    1.431000E+01    2.804238E-09
    1.432000E+01    2.793983E-09
    1.433000E+01    2.783769E-09
    1.434000E+01    2.773597E-09
    1.435000E+01    2.763467E-09
    1.436000E+01    2.753377E-09
    1.437000E+01    2.743328E-09
    1.438000E+01    2.733320E-09
    1.439000E+01    2.723353E-09
    1.440000E+01    2.713426E-09
    1.441000E+01    2.703540E-09
    1.442000E+01    2.693693E-09
    1.443000E+01    2.683887E-09
    1.444000E+01    2.674120E-09
    1.445000E+01    2.664392E-09
    1.446000E+01    2.654704E-09
    1.447000E+01    2.645056E-09
    1.448000E+01    2.635446E-09
    1.449000E+01    2.625875E-09
    1.450000E+01    2.616343E-09
    1.451000E+01    2.606849E-09
    1.452000E+01    2.597393E-09
    1.453000E+01    2.587976E-09
    1.454000E+01    2.578597E-09
    1.455000E+01    2.569256E-09
    1.456000E+01    2.559952E-09
    1.457000E+01    2.550686E-09
    1.458000E+01    2.541457E-09
    1.459000E+01    2.532265E-09
    1.460000E+01    2.523110E-09
    1.461000E+01    2.513993E-09
    1.462000E+01    2.504912E-09
    1.463000E+01    2.495867E-09
    1.464000E+01    2.486859E-09
    1.465000E+01    2.477887E-09
    1.466000E+01    2.468951E-09
    1.467000E+01    2.460051E-09
    1.468000E+01    2.451187E-09
    1.469000E+01    2.442358E-09
    1.470000E+01    2.433565E-09
    1.471000E+01    2.424807E-09
    1.472000E+01    2.416084E-09
    1.473000E+01    2.407396E-09
    1.474000E+01    2.398743E-09
    1.475000E+01    2.390124E-09
    1.476000E+01    2.381540E-09
    1.477000E+01    2.372991E-09
    1.478000E+01    2.364475E-09
    1.479000E+01    2.355994E-09
    1.480000E+01    2.347547E-09
    1.481000E+01    2.339133E-09
    1.482000E+01    2.330753E-09
    1.483000E+01    2.322407E-09
    1.484000E+01    2.314094E-09
    1.485000E+01    2.305814E-09
    1.486000E+01    2.297567E-09
    1.487000E+01    2.289353E-09
    1.488000E+01    2.281171E-09
    1.489000E+01    2.273023E-09
    1.490000E+01    2.264907E-09
    1.491000E+01    2.256823E-09
    1.492000E+01    2.248771E-09
    1.493000E+01    2.240751E-09
    1.494000E+01    2.232764E-09
    1.495000E+01    2.224808E-09
    1.496000E+01    2.216883E-09
    1.497000E+01    2.208991E-09
    1.498000E+01    2.201129E-09
    1.499000E+01    2.193299E-09
    1.500000E+01    2.185500E-09
    1.501000E+01    2.177732E-09
    1.502000E+01    2.169994E-09
    1.503000E+01    2.162288E-09
    1.504000E+01    2.154611E-09
    1.505000E+01    2.146966E-09
    1.506000E+01    2.139350E-09
    1.507000E+01    2.131765E-09
    1.508000E+01    2.124210E-09
    1.509000E+01    2.116684E-09
    1.510000E+01    2.109189E-09
    1.511000E+01    2.101723E-09
    1.512000E+01    2.094287E-09
    1.513000E+01    2.086880E-09
    1.514000E+01    2.079502E-09
    1.515000E+01    2.072153E-09
    1.516000E+01    2.064834E-09
    1.517000E+01    2.057543E-09
    1.518000E+01    2.050281E-09
    1.519000E+01    2.043048E-09
    1.520000E+01    2.035843E-09
    1.521000E+01    2.028666E-09
    1.522000E+01    2.021518E-09
    1.523000E+01    2.014398E-09
    1.524000E+01    2.007306E-09
    1.525000E+01    2.000242E-09
    1.526000E+01    1.993206E-09
    1.527000E+01    1.986197E-09
    1.528000E+01    1.979216E-09
    1.529000E+01    1.972262E-09
    1.530000E+01    1.965336E-09
    1.531000E+01    1.958437E-09
    1.532000E+01    1.951565E-09
    1.533000E+01    1.944720E-09
    1.534000E+01    1.937901E-09
    1.535000E+01    1.931110E-09
    1.536000E+01    1.924345E-09
    1.537000E+01    1.917607E-09
    1.538000E+01    1.910894E-09
    1.539000E+01    1.904209E-09
    1.540000E+01    1.897549E-09
    1.541000E+01    1.890916E-09
    1.542000E+01    1.884308E-09
    1.543000E+01    1.877726E-09
    1.544000E+01    1.871170E-09
    1.545000E+01    1.864640E-09
    1.546000E+01    1.858135E-09
    1.547000E+01    1.851655E-09
    1.548000E+01    1.845201E-09
    1.549000E+01    1.838772E-09
    1.550000E+01    1.832368E-09
    1.551000E+01    1.825988E-09
    1.552000E+01    1.819634E-09
    1.553000E+01    1.813305E-09
    1.554000E+01    1.807000E-09
    1.555000E+01    1.800719E-09
    1.556000E+01    1.794464E-09
    1.557000E+01    1.788232E-09
    1.558000E+01    1.782025E-09
    1.559000E+01    1.775841E-09
    1.560000E+01    1.769682E-09
    1.561000E+01    1.763547E-09
    1.562000E+01    1.757435E-09
    1.563000E+01    1.751348E-09
    1.564000E+01    1.745284E-09
    1.565000E+01    1.739243E-09
    1.566000E+01    1.733226E-09
    1.567000E+01    1.727232E-09
    1.568000E+01    1.721261E-09
    1.569000E+01    1.715313E-09
    1.570000E+01    1.709389E-09
    1.571000E+01    1.703487E-09
    1.572000E+01    1.697608E-09
    1.573000E+01    1.691752E-09
    1.574000E+01    1.685919E-09
    1.575000E+01    1.680108E-09
    1.576000E+01    1.674319E-09
    1.577000E+01    1.668553E-09
    1.578000E+01    1.662809E-09
    1.579000E+01    1.657088E-09
    1.580000E+01    1.651388E-09
    1.581000E+01    1.645710E-09
    1.582000E+01    1.640054E-09
    1.583000E+01    1.634420E-09
    1.584000E+01    1.628808E-09
    1.585000E+01    1.623217E-09
    1.586000E+01    1.617648E-09
    1.587000E+01    1.612100E-09
    1.588000E+01    1.606573E-09
    1.589000E+01    1.601068E-09
    1.590000E+01    1.595584E-09
    1.591000E+01    1.590121E-09
    1.592000E+01    1.584679E-09
    1.593000E+01    1.579258E-09
    1.594000E+01    1.573857E-09
    1.595000E+01    1.568477E-09
    1.596000E+01    1.563118E-09
    1.597000E+01    1.557780E-09
    1.598000E+01    1.552462E-09
    1.599000E+01    1.547164E-09
    1.600000E+01    1.541886E-09
    1.601000E+01    1.536629E-09
    1.602000E+01    1.531392E-09
    1.603000E+01    1.526175E-09
    1.604000E+01    1.520977E-09
    1.605000E+01    1.515800E-09
    1.606000E+01    1.510642E-09
    1.607000E+01    1.505504E-09
    1.608000E+01    1.500386E-09
    1.609000E+01    1.495287E-09
    1.610000E+01    1.490208E-09
    1.611000E+01    1.485148E-09
    1.612000E+01    1.480107E-09
    1.613000E+01    1.475086E-09
    1.614000E+01    1.470083E-09
    1.615000E+01    1.465100E-09
    1.616000E+01    1.460135E-09
    1.617000E+01    1.455190E-09
    1.618000E+01    1.450263E-09
    1.619000E+01    1.445355E-09
    1.620000E+01    1.440466E-09
    1.621000E+01    1.435595E-09
    1.622000E+01    1.430742E-09
    1.623000E+01    1.425909E-09
    1.624000E+01    1.421093E-09
    1.625000E+01    1.416296E-09
    1.626000E+01    1.411516E-09
    1.627000E+01    1.406755E-09
    1.628000E+01    1.402012E-09
    1.629000E+01    1.397287E-09
    1.630000E+01    1.392580E-09
    1.631000E+01    1.387891E-09
    1.632000E+01    1.383219E-09
    1.633000E+01    1.378565E-09
    1.634000E+01    1.373929E-09
    1.635000E+01    1.369310E-09
    1.636000E+01    1.364708E-09
    1.637000E+01    1.360124E-09
    1.638000E+01    1.355558E-09
    1.639000E+01    1.351008E-09
    1.640000E+01    1.346476E-09
    1.641000E+01    1.341960E-09
    1.642000E+01    1.337462E-09
    1.643000E+01    1.332981E-09
    1.644000E+01    1.328516E-09
    1.645000E+01    1.324068E-09
    1.646000E+01    1.319637E-09
    1.647000E+01    1.315223E-09
    1.648000E+01    1.310825E-09
    1.649000E+01    1.306444E-09
    1.650000E+01    1.302079E-09
    1.651000E+01    1.297731E-09
    1.652000E+01    1.293399E-09
    1.653000E+01    1.289083E-09
    1.654000E+01    1.284783E-09
    1.655000E+01    1.280500E-09
    1.656000E+01    1.276233E-09
    1.657000E+01    1.271981E-09
    1.658000E+01    1.267746E-09
    1.659000E+01    1.263526E-09
    1.660000E+01    1.259322E-09
    1.661000E+01    1.255134E-09
    1.662000E+01    1.250961E-09
    1.663000E+01    1.246804E-09
    1.664000E+01    1.242663E-09
    1.665000E+01    1.238537E-09
    1.666000E+01    1.234427E-09
    1.667000E+01    1.230331E-09
    1.668000E+01    1.226251E-09
    1.669000E+01    1.222187E-09
    1.670000E+01    1.218137E-09
    1.671000E+01    1.214103E-09
    1.672000E+01    1.210083E-09
    1.673000E+01    1.206079E-09
    1.674000E+01    1.202089E-09
    1.675000E+01    1.198115E-09
    1.676000E+01    1.194155E-09
    1.677000E+01    1.190209E-09
    1.678000E+01    1.186279E-09
    1.679000E+01    1.182363E-09
    1.680000E+01    1.178462E-09
    1.681000E+01    1.174575E-09
    1.682000E+01    1.170702E-09
    1.683000E+01    1.166844E-09
    1.684000E+01    1.163000E-09
    1.685000E+01    1.159171E-09
    1.686000E+01    1.155355E-09
    1.687000E+01    1.151554E-09
    1.688000E+01    1.147767E-09
    1.689000E+01    1.143994E-09
    1.690000E+01    1.140234E-09
    1.691000E+01    1.136489E-09
    1.692000E+01    1.132757E-09
    1.693000E+01    1.129040E-09
    1.694000E+01    1.125336E-09
    1.695000E+01    1.121646E-09
    1.696000E+01    1.117969E-09
    1.697000E+01    1.114306E-09
    1.698000E+01    1.110656E-09
    1.699000E+01    1.107020E-09
    1.700000E+01    1.103397E-09
    1.701000E+01    1.099788E-09
    1.702000E+01    1.096192E-09
    1.703000E+01    1.092609E-09
    1.704000E+01    1.089039E-09
    1.705000E+01    1.085483E-09
    1.706000E+01    1.081939E-09
    1.707000E+01    1.078409E-09
    1.708000E+01    1.074891E-09
    1.709000E+01    1.071387E-09
    1.710000E+01    1.067895E-09
    1.711000E+01    1.064416E-09
    1.712000E+01    1.060950E-09
    1.713000E+01    1.057497E-09
    1.714000E+01    1.054056E-09
    1.715000E+01    1.050628E-09
    1.716000E+01    1.047212E-09
    1.717000E+01    1.043809E-09
    1.718000E+01    1.040419E-09
    1.719000E+01    1.037041E-09
    1.720000E+01    1.033675E-09
    1.721000E+01    1.030321E-09
    1.722000E+01    1.026980E-09
    1.723000E+01    1.023651E-09
    1.724000E+01    1.020334E-09
    1.725000E+01    1.017029E-09
    1.726000E+01    1.013736E-09
    1.727000E+01    1.010456E-09
    1.728000E+01    1.007187E-09
    1.729000E+01    1.003930E-09
    1.730000E+01    1.000685E-09
    1.731000E+01    9.974517E-10
    1.732000E+01    9.942303E-10
    1.733000E+01    9.910206E-10
    1.734000E+01    9.878226E-10
    1.735000E+01    9.846362E-10
    1.736000E+01    9.814614E-10
    1.737000E+01    9.782982E-10
    1.738000E+01    9.751464E-10
    1.739000E+01    9.720061E-10
    1.740000E+01    9.688772E-10
    1.741000E+01    9.657596E-10
    1.742000E+01    9.626533E-10
    1.743000E+01    9.595583E-10
    1.744000E+01    9.564745E-10
    1.745000E+01    9.534019E-10
    1.746000E+01    9.503404E-10
    1.747000E+01    9.472900E-10
    1.748000E+01    9.442507E-10
    1.749000E+01    9.412223E-10
    1.750000E+01    9.382049E-10
    1.751000E+01    9.351984E-10
    1.752000E+01    9.322027E-10
    1.753000E+01    9.292179E-10
    1.754000E+01    9.262438E-10
    1.755000E+01    9.232805E-10
    1.756000E+01    9.203279E-10
    1.757000E+01    9.173859E-10
    1.758000E+01    9.144545E-10
    1.759000E+01    9.115337E-10
    1.760000E+01    9.086234E-10
    1.761000E+01    9.057236E-10
    1.762000E+01    9.028342E-10
    1.763000E+01    8.999552E-10
    1.764000E+01    8.970866E-10
    1.765000E+01    8.942283E-10
    1.766000E+01    8.913803E-10
    1.767000E+01    8.885425E-10
    1.768000E+01    8.857149E-10
    1.769000E+01    8.828974E-10
    1.770000E+01    8.800900E-10
    1.771000E+01    8.772928E-10
    1.772000E+01    8.745055E-10
    1.773000E+01    8.717282E-10
    1.774000E+01    8.689609E-10
    1.775000E+01    8.662035E-10
    1.776000E+01    8.634560E-10
    1.777000E+01    8.607183E-10
    1.778000E+01    8.579904E-10
    1.779000E+01    8.552723E-10
    1.780000E+01    8.525639E-10
    1.781000E+01    8.498651E-10
    1.782000E+01    8.471760E-10
    1.783000E+01    8.444965E-10
    1.784000E+01    8.418266E-10
    1.785000E+01    8.391662E-10
    1.786000E+01    8.365152E-10
    1.787000E+01    8.338738E-10
    1.788000E+01    8.312417E-10
    1.789000E+01    8.286190E-10
    1.790000E+01    8.260057E-10
    1.791000E+01    8.234017E-10
    1.792000E+01    8.208069E-10
    1.793000E+01    8.182214E-10
    1.794000E+01    8.156450E-10
    1.795000E+01    8.130778E-10
    1.796000E+01    8.105198E-10
    1.797000E+01    8.079708E-10
    1.798000E+01    8.054309E-10
    1.799000E+01    8.029000E-10
    1.800000E+01    8.003780E-10
    1.801000E+01    7.978650E-10
    1.802000E+01    7.953610E-10
    1.803000E+01    7.928657E-10
    1.804000E+01    7.903794E-10
    1.805000E+01    7.879018E-10
    1.806000E+01    7.854330E-10
    1.807000E+01    7.829730E-10
    1.808000E+01    7.805216E-10
    1.809000E+01    7.780789E-10
    1.810000E+01    7.756449E-10
    1.811000E+01    7.732194E-10
    1.812000E+01    7.708025E-10
    1.813000E+01    7.683942E-10
    1.814000E+01    7.659943E-10
    1.815000E+01    7.636029E-10
    1.816000E+01    7.612200E-10
    1.817000E+01    7.588454E-10
    1.818000E+01    7.564792E-10
    1.819000E+01    7.541214E-10
    1.820000E+01    7.517718E-10
    1.821000E+01    7.494305E-10
    1.822000E+01    7.470975E-10
    1.823000E+01    7.447726E-10
    1.824000E+01    7.424560E-10
    1.825000E+01    7.401474E-10
    1.826000E+01    7.378470E-10
    1.827000E+01    7.355547E-10
    1.828000E+01    7.332704E-10
    1.829000E+01    7.309941E-10
    1.830000E+01    7.287258E-10
    1.831000E+01    7.264655E-10
    1.832000E+01    7.242131E-10
    1.833000E+01    7.219685E-10
    1.834000E+01    7.197319E-10
    1.835000E+01    7.175030E-10
    1.836000E+01    7.152820E-10
    1.837000E+01    7.130688E-10
    1.838000E+01    7.108632E-10
    1.839000E+01    7.086654E-10
    1.840000E+01    7.064753E-10
    1.841000E+01    7.042928E-10
    1.842000E+01    7.021179E-10
    1.843000E+01    6.999507E-10
    1.844000E+01    6.977910E-10
    1.845000E+01    6.956388E-10
    1.846000E+01    6.934941E-10
    1.847000E+01    6.913569E-10
    1.848000E+01    6.892272E-10
    1.849000E+01    6.871048E-10
    1.850000E+01    6.849899E-10
    1.851000E+01    6.828823E-10
    1.852000E+01    6.807820E-10
    1.853000E+01    6.786891E-10
    1.854000E+01    6.766034E-10
    1.855000E+01    6.745250E-10
    1.856000E+01    6.724538E-10
    1.857000E+01    6.703897E-10
    1.858000E+01    6.683329E-10
    1.859000E+01    6.662832E-10
    1.860000E+01    6.642406E-10
    1.861000E+01    6.622050E-10
    1.862000E+01    6.601765E-10
    1.863000E+01    6.581551E-10
    1.864000E+01    6.561406E-10
    1.865000E+01    6.541332E-10
    1.866000E+01    6.521326E-10
    1.867000E+01    6.501390E-10
    1.868000E+01    6.481523E-10
    1.869000E+01    6.461725E-10
    1.870000E+01    6.441994E-10
    1.871000E+01    6.422332E-10
    1.872000E+01    6.402738E-10
    1.873000E+01    6.383212E-10
    1.874000E+01    6.363753E-10
    1.875000E+01    6.344361E-10
    1.876000E+01    6.325036E-10
    1.877000E+01    6.305777E-10
    1.878000E+01    6.286585E-10
    1.879000E+01    6.267459E-10
    1.880000E+01    6.248398E-10
    1.881000E+01    6.229403E-10
    1.882000E+01    6.210474E-10
    1.883000E+01    6.191610E-10
    1.884000E+01    6.172810E-10
    1.885000E+01    6.154075E-10
    1.886000E+01    6.135405E-10
    1.887000E+01    6.116798E-10
    1.888000E+01    6.098255E-10
    1.889000E+01    6.079776E-10
    1.890000E+01    6.061361E-10
    1.891000E+01    6.043008E-10
    1.892000E+01    6.024718E-10
    1.893000E+01    6.006491E-10
    1.894000E+01    5.988327E-10
    1.895000E+01    5.970224E-10
    1.896000E+01    5.952184E-10
    1.897000E+01    5.934205E-10
    1.898000E+01    5.916288E-10
    1.899000E+01    5.898431E-10
    1.900000E+01    5.880636E-10
    1.901000E+01    5.862902E-10
    1.902000E+01    5.845228E-10
    1.903000E+01    5.827615E-10
    1.904000E+01    5.810061E-10
    1.905000E+01    5.792568E-10
    1.906000E+01    5.775134E-10
    1.907000E+01    5.757759E-10
    1.908000E+01    5.740444E-10
    1.909000E+01    5.723187E-10
    1.910000E+01    5.705989E-10
    1.911000E+01    5.688850E-10
    1.912000E+01    5.671769E-10
    1.913000E+01    5.654746E-10
    1.914000E+01    5.637781E-10
    1.915000E+01    5.620874E-10
    1.916000E+01    5.604024E-10
    1.917000E+01    5.587231E-10
    1.918000E+01    5.570495E-10
    1.919000E+01    5.553816E-10
    1.920000E+01    5.537194E-10
    1.921000E+01    5.520627E-10
    1.922000E+01    5.504117E-10
    1.923000E+01    5.487663E-10
    1.924000E+01    5.471265E-10
    1.925000E+01    5.454922E-10
    1.926000E+01    5.438634E-10
    1.927000E+01    5.422401E-10
    1.928000E+01    5.406224E-10
    1.929000E+01    5.390101E-10
    1.930000E+01    5.374032E-10
    1.931000E+01    5.358018E-10
    1.932000E+01    5.342057E-10
    1.933000E+01    5.326151E-10
    1.934000E+01    5.310298E-10
    1.935000E+01    5.294499E-10
    1.936000E+01    5.278753E-10
    1.937000E+01    5.263060E-10
    1.938000E+01    5.247419E-10
    1.939000E+01    5.231832E-10
    1.940000E+01    5.216297E-10
    1.941000E+01    5.200814E-10
    1.942000E+01    5.185383E-10
    1.943000E+01    5.170004E-10
    1.944000E+01    5.154677E-10
    1.945000E+01    5.139401E-10
    1.946000E+01    5.124177E-10
    1.947000E+01    5.109003E-10
    1.948000E+01    5.093881E-10
    1.949000E+01    5.078809E-10
    1.950000E+01    5.063788E-10
    1.951000E+01    5.048817E-10
    1.952000E+01    5.033896E-10
    1.953000E+01    5.019025E-10
    1.954000E+01    5.004204E-10
    1.955000E+01    4.989433E-10
    1.956000E+01    4.974711E-10
    1.957000E+01    4.960038E-10
    1.958000E+01    4.945414E-10
    1.959000E+01    4.930839E-10
    1.960000E+01    4.916313E-10
    1.961000E+01    4.901835E-10
    1.962000E+01    4.887406E-10
    1.963000E+01    4.873025E-10
    1.964000E+01    4.858691E-10
    1.965000E+01    4.844406E-10
    1.966000E+01    4.830168E-10
    1.967000E+01    4.815978E-10
    1.968000E+01    4.801834E-10
    1.969000E+01    4.787738E-10
    1.970000E+01    4.773689E-10
    1.971000E+01    4.759686E-10
    1.972000E+01    4.745730E-10
    1.973000E+01    4.731821E-10
    1.974000E+01    4.717958E-10
    1.975000E+01    4.704140E-10
    1.976000E+01    4.690369E-10
    1.977000E+01    4.676643E-10
    1.978000E+01    4.662963E-10
    1.979000E+01    4.649328E-10
    1.980000E+01    4.635738E-10
    1.981000E+01    4.622194E-10
    1.982000E+01    4.608694E-10
    1.983000E+01    4.595239E-10
    1.984000E+01    4.581829E-10
    1.985000E+01    4.568463E-10
    1.986000E+01    4.555141E-10
    1.987000E+01    4.541863E-10
    1.988000E+01    4.528629E-10
    1.989000E+01    4.515439E-10
    1.990000E+01    4.502292E-10
    1.991000E+01    4.489189E-10
    1.992000E+01    4.476129E-10
    1.993000E+01    4.463112E-10
    1.994000E+01    4.450138E-10
    1.995000E+01    4.437206E-10
    1.996000E+01    4.424318E-10
    1.997000E+01    4.411472E-10
    1.998000E+01    4.398668E-10
    1.999000E+01    4.385906E-10
