 # potential for l= 4 and q'= 0.5 fm^-1
 
              #q        vl(q,q')
    1.000000E-02   -3.151033E-06
    2.000000E-02   -3.150664E-06
    3.000000E-02   -3.150049E-06
    4.000000E-02   -3.149188E-06
    5.000000E-02   -3.148082E-06
    6.000000E-02   -3.146731E-06
    7.000000E-02   -3.145134E-06
    8.000000E-02   -3.143293E-06
    9.000000E-02   -3.141207E-06
    1.000000E-01   -3.138878E-06
    1.100000E-01   -3.136305E-06
    1.200000E-01   -3.133489E-06
    1.300000E-01   -3.130431E-06
    1.400000E-01   -3.127132E-06
    1.500000E-01   -3.123591E-06
    1.600000E-01   -3.119811E-06
    1.700000E-01   -3.115791E-06
    1.800000E-01   -3.111532E-06
    1.900000E-01   -3.107036E-06
    2.000000E-01   -3.102304E-06
    2.100000E-01   -3.097336E-06
    2.200000E-01   -3.092133E-06
    2.300000E-01   -3.086697E-06
    2.400000E-01   -3.081029E-06
    2.500000E-01   -3.075130E-06
    2.600000E-01   -3.069002E-06
    2.700000E-01   -3.062645E-06
    2.800000E-01   -3.056061E-06
    2.900000E-01   -3.049252E-06
    3.000000E-01   -3.042220E-06
    3.100000E-01   -3.034964E-06
    3.200000E-01   -3.027489E-06
    3.300000E-01   -3.019794E-06
    3.400000E-01   -3.011882E-06
    3.500000E-01   -3.003754E-06
    3.600000E-01   -2.995413E-06
    3.700000E-01   -2.986860E-06
    3.800000E-01   -2.978098E-06
    3.900000E-01   -2.969128E-06
    4.000000E-01   -2.959952E-06
    4.100000E-01   -2.950572E-06
    4.200000E-01   -2.940991E-06
    4.300000E-01   -2.931211E-06
    4.400000E-01   -2.921235E-06
    4.500000E-01   -2.911063E-06
    4.600000E-01   -2.900700E-06
    4.700000E-01   -2.890147E-06
    4.800000E-01   -2.879406E-06
    4.900000E-01   -2.868481E-06
    5.000000E-01   -2.857373E-06
    5.100000E-01   -2.846086E-06
    5.200000E-01   -2.834623E-06
    5.300000E-01   -2.822985E-06
    5.400000E-01   -2.811175E-06
    5.500000E-01   -2.799197E-06
    5.600000E-01   -2.787054E-06
    5.700000E-01   -2.774747E-06
    5.800000E-01   -2.762281E-06
    5.900000E-01   -2.749657E-06
    6.000000E-01   -2.736880E-06
    6.100000E-01   -2.723951E-06
    6.200000E-01   -2.710875E-06
    6.300000E-01   -2.697654E-06
    6.400000E-01   -2.684291E-06
    6.500000E-01   -2.670790E-06
    6.600000E-01   -2.657154E-06
    6.700000E-01   -2.643385E-06
    6.800000E-01   -2.629488E-06
    6.900000E-01   -2.615465E-06
    7.000000E-01   -2.601320E-06
    7.100000E-01   -2.587056E-06
    7.200000E-01   -2.572676E-06
    7.300000E-01   -2.558184E-06
    7.400000E-01   -2.543584E-06
    7.500000E-01   -2.528877E-06
    7.600000E-01   -2.514069E-06
    7.700000E-01   -2.499161E-06
    7.800000E-01   -2.484159E-06
    7.900000E-01   -2.469064E-06
    8.000000E-01   -2.453881E-06
    8.100000E-01   -2.438613E-06
    8.200000E-01   -2.423263E-06
    8.300000E-01   -2.407835E-06
    8.400000E-01   -2.392332E-06
    8.500000E-01   -2.376758E-06
    8.600000E-01   -2.361116E-06
    8.700000E-01   -2.345409E-06
    8.800000E-01   -2.329641E-06
    8.900000E-01   -2.313815E-06
    9.000000E-01   -2.297935E-06
    9.100000E-01   -2.282003E-06
    9.200000E-01   -2.266024E-06
    9.300000E-01   -2.250000E-06
    9.400000E-01   -2.233935E-06
    9.500000E-01   -2.217833E-06
    9.600000E-01   -2.201695E-06
    9.700000E-01   -2.185527E-06
    9.800000E-01   -2.169330E-06
    9.900000E-01   -2.153108E-06
    1.000000E+00   -2.136864E-06
    1.010000E+00   -2.120602E-06
    1.020000E+00   -2.104324E-06
    1.030000E+00   -2.088034E-06
    1.040000E+00   -2.071734E-06
    1.050000E+00   -2.055428E-06
    1.060000E+00   -2.039118E-06
    1.070000E+00   -2.022807E-06
    1.080000E+00   -2.006499E-06
    1.090000E+00   -1.990196E-06
    1.100000E+00   -1.973901E-06
    1.110000E+00   -1.957617E-06
    1.120000E+00   -1.941346E-06
    1.130000E+00   -1.925092E-06
    1.140000E+00   -1.908856E-06
    1.150000E+00   -1.892641E-06
    1.160000E+00   -1.876451E-06
    1.170000E+00   -1.860287E-06
    1.180000E+00   -1.844153E-06
    1.190000E+00   -1.828049E-06
    1.200000E+00   -1.811980E-06
    1.210000E+00   -1.795947E-06
    1.220000E+00   -1.779952E-06
    1.230000E+00   -1.763998E-06
    1.240000E+00   -1.748087E-06
    1.250000E+00   -1.732220E-06
    1.260000E+00   -1.716402E-06
    1.270000E+00   -1.700632E-06
    1.280000E+00   -1.684914E-06
    1.290000E+00   -1.669248E-06
    1.300000E+00   -1.653638E-06
    1.310000E+00   -1.638085E-06
    1.320000E+00   -1.622591E-06
    1.330000E+00   -1.607158E-06
    1.340000E+00   -1.591786E-06
    1.350000E+00   -1.576479E-06
    1.360000E+00   -1.561238E-06
    1.370000E+00   -1.546063E-06
    1.380000E+00   -1.530958E-06
    1.390000E+00   -1.515922E-06
    1.400000E+00   -1.500959E-06
    1.410000E+00   -1.486068E-06
    1.420000E+00   -1.471252E-06
    1.430000E+00   -1.456512E-06
    1.440000E+00   -1.441848E-06
    1.450000E+00   -1.427263E-06
    1.460000E+00   -1.412758E-06
    1.470000E+00   -1.398332E-06
    1.480000E+00   -1.383989E-06
    1.490000E+00   -1.369728E-06
    1.500000E+00   -1.355551E-06
    1.510000E+00   -1.341458E-06
    1.520000E+00   -1.327451E-06
    1.530000E+00   -1.313530E-06
    1.540000E+00   -1.299697E-06
    1.550000E+00   -1.285951E-06
    1.560000E+00   -1.272294E-06
    1.570000E+00   -1.258727E-06
    1.580000E+00   -1.245250E-06
    1.590000E+00   -1.231864E-06
    1.600000E+00   -1.218569E-06
    1.610000E+00   -1.205366E-06
    1.620000E+00   -1.192256E-06
    1.630000E+00   -1.179238E-06
    1.640000E+00   -1.166315E-06
    1.650000E+00   -1.153485E-06
    1.660000E+00   -1.140749E-06
    1.670000E+00   -1.128108E-06
    1.680000E+00   -1.115562E-06
    1.690000E+00   -1.103111E-06
    1.700000E+00   -1.090755E-06
    1.710000E+00   -1.078496E-06
    1.720000E+00   -1.066332E-06
    1.730000E+00   -1.054265E-06
    1.740000E+00   -1.042294E-06
    1.750000E+00   -1.030419E-06
    1.760000E+00   -1.018641E-06
    1.770000E+00   -1.006959E-06
    1.780000E+00   -9.953742E-07
    1.790000E+00   -9.838859E-07
    1.800000E+00   -9.724942E-07
    1.810000E+00   -9.611992E-07
    1.820000E+00   -9.500007E-07
    1.830000E+00   -9.388986E-07
    1.840000E+00   -9.278930E-07
    1.850000E+00   -9.169836E-07
    1.860000E+00   -9.061704E-07
    1.870000E+00   -8.954531E-07
    1.880000E+00   -8.848316E-07
    1.890000E+00   -8.743057E-07
    1.900000E+00   -8.638751E-07
    1.910000E+00   -8.535397E-07
    1.920000E+00   -8.432992E-07
    1.930000E+00   -8.331532E-07
    1.940000E+00   -8.231016E-07
    1.950000E+00   -8.131440E-07
    1.960000E+00   -8.032801E-07
    1.970000E+00   -7.935096E-07
    1.980000E+00   -7.838321E-07
    1.990000E+00   -7.742472E-07
    2.000000E+00   -7.647547E-07
    2.010000E+00   -7.553540E-07
    2.020000E+00   -7.460449E-07
    2.030000E+00   -7.368268E-07
    2.040000E+00   -7.276994E-07
    2.050000E+00   -7.186623E-07
    2.060000E+00   -7.097149E-07
    2.070000E+00   -7.008568E-07
    2.080000E+00   -6.920877E-07
    2.090000E+00   -6.834069E-07
    2.100000E+00   -6.748141E-07
    2.110000E+00   -6.663086E-07
    2.120000E+00   -6.578901E-07
    2.130000E+00   -6.495580E-07
    2.140000E+00   -6.413119E-07
    2.150000E+00   -6.331511E-07
    2.160000E+00   -6.250751E-07
    2.170000E+00   -6.170835E-07
    2.180000E+00   -6.091757E-07
    2.190000E+00   -6.013511E-07
    2.200000E+00   -5.936092E-07
    2.210000E+00   -5.859494E-07
    2.220000E+00   -5.783712E-07
    2.230000E+00   -5.708740E-07
    2.240000E+00   -5.634572E-07
    2.250000E+00   -5.561203E-07
    2.260000E+00   -5.488627E-07
    2.270000E+00   -5.416838E-07
    2.280000E+00   -5.345830E-07
    2.290000E+00   -5.275597E-07
    2.300000E+00   -5.206134E-07
    2.310000E+00   -5.137435E-07
    2.320000E+00   -5.069493E-07
    2.330000E+00   -5.002303E-07
    2.340000E+00   -4.935859E-07
    2.350000E+00   -4.870154E-07
    2.360000E+00   -4.805183E-07
    2.370000E+00   -4.740940E-07
    2.380000E+00   -4.677419E-07
    2.390000E+00   -4.614614E-07
    2.400000E+00   -4.552519E-07
    2.410000E+00   -4.491127E-07
    2.420000E+00   -4.430433E-07
    2.430000E+00   -4.370431E-07
    2.440000E+00   -4.311115E-07
    2.450000E+00   -4.252479E-07
    2.460000E+00   -4.194516E-07
    2.470000E+00   -4.137221E-07
    2.480000E+00   -4.080588E-07
    2.490000E+00   -4.024611E-07
    2.500000E+00   -3.969284E-07
    2.510000E+00   -3.914601E-07
    2.520000E+00   -3.860556E-07
    2.530000E+00   -3.807143E-07
    2.540000E+00   -3.754356E-07
    2.550000E+00   -3.702190E-07
    2.560000E+00   -3.650638E-07
    2.570000E+00   -3.599696E-07
    2.580000E+00   -3.549356E-07
    2.590000E+00   -3.499613E-07
    2.600000E+00   -3.450462E-07
    2.610000E+00   -3.401896E-07
    2.620000E+00   -3.353910E-07
    2.630000E+00   -3.306499E-07
    2.640000E+00   -3.259656E-07
    2.650000E+00   -3.213376E-07
    2.660000E+00   -3.167653E-07
    2.670000E+00   -3.122483E-07
    2.680000E+00   -3.077858E-07
    2.690000E+00   -3.033774E-07
    2.700000E+00   -2.990226E-07
    2.710000E+00   -2.947207E-07
    2.720000E+00   -2.904713E-07
    2.730000E+00   -2.862738E-07
    2.740000E+00   -2.821276E-07
    2.750000E+00   -2.780323E-07
    2.760000E+00   -2.739873E-07
    2.770000E+00   -2.699920E-07
    2.780000E+00   -2.660460E-07
    2.790000E+00   -2.621488E-07
    2.800000E+00   -2.582998E-07
    2.810000E+00   -2.544985E-07
    2.820000E+00   -2.507444E-07
    2.830000E+00   -2.470370E-07
    2.840000E+00   -2.433758E-07
    2.850000E+00   -2.397603E-07
    2.860000E+00   -2.361900E-07
    2.870000E+00   -2.326645E-07
    2.880000E+00   -2.291832E-07
    2.890000E+00   -2.257456E-07
    2.900000E+00   -2.223513E-07
    2.910000E+00   -2.189999E-07
    2.920000E+00   -2.156907E-07
    2.930000E+00   -2.124235E-07
    2.940000E+00   -2.091976E-07
    2.950000E+00   -2.060127E-07
    2.960000E+00   -2.028682E-07
    2.970000E+00   -1.997639E-07
    2.980000E+00   -1.966991E-07
    2.990000E+00   -1.936734E-07
    3.000000E+00   -1.906865E-07
    3.010000E+00   -1.877378E-07
    3.020000E+00   -1.848270E-07
    3.030000E+00   -1.819536E-07
    3.040000E+00   -1.791171E-07
    3.050000E+00   -1.763173E-07
    3.060000E+00   -1.735536E-07
    3.070000E+00   -1.708256E-07
    3.080000E+00   -1.681329E-07
    3.090000E+00   -1.654752E-07
    3.100000E+00   -1.628520E-07
    3.110000E+00   -1.602629E-07
    3.120000E+00   -1.577075E-07
    3.130000E+00   -1.551854E-07
    3.140000E+00   -1.526963E-07
    3.150000E+00   -1.502398E-07
    3.160000E+00   -1.478155E-07
    3.170000E+00   -1.454229E-07
    3.180000E+00   -1.430618E-07
    3.190000E+00   -1.407318E-07
    3.200000E+00   -1.384324E-07
    3.210000E+00   -1.361634E-07
    3.220000E+00   -1.339244E-07
    3.230000E+00   -1.317150E-07
    3.240000E+00   -1.295349E-07
    3.250000E+00   -1.273837E-07
    3.260000E+00   -1.252611E-07
    3.270000E+00   -1.231668E-07
    3.280000E+00   -1.211003E-07
    3.290000E+00   -1.190614E-07
    3.300000E+00   -1.170498E-07
    3.310000E+00   -1.150651E-07
    3.320000E+00   -1.131070E-07
    3.330000E+00   -1.111751E-07
    3.340000E+00   -1.092692E-07
    3.350000E+00   -1.073890E-07
    3.360000E+00   -1.055341E-07
    3.370000E+00   -1.037042E-07
    3.380000E+00   -1.018990E-07
    3.390000E+00   -1.001183E-07
    3.400000E+00   -9.836171E-08
    3.410000E+00   -9.662894E-08
    3.420000E+00   -9.491971E-08
    3.430000E+00   -9.323373E-08
    3.440000E+00   -9.157072E-08
    3.450000E+00   -8.993041E-08
    3.460000E+00   -8.831250E-08
    3.470000E+00   -8.671673E-08
    3.480000E+00   -8.514283E-08
    3.490000E+00   -8.359052E-08
    3.500000E+00   -8.205953E-08
    3.510000E+00   -8.054961E-08
    3.520000E+00   -7.906049E-08
    3.530000E+00   -7.759192E-08
    3.540000E+00   -7.614365E-08
    3.550000E+00   -7.471541E-08
    3.560000E+00   -7.330696E-08
    3.570000E+00   -7.191805E-08
    3.580000E+00   -7.054845E-08
    3.590000E+00   -6.919791E-08
    3.600000E+00   -6.786619E-08
    3.610000E+00   -6.655305E-08
    3.620000E+00   -6.525827E-08
    3.630000E+00   -6.398161E-08
    3.640000E+00   -6.272285E-08
    3.650000E+00   -6.148176E-08
    3.660000E+00   -6.025812E-08
    3.670000E+00   -5.905171E-08
    3.680000E+00   -5.786232E-08
    3.690000E+00   -5.668972E-08
    3.700000E+00   -5.553370E-08
    3.710000E+00   -5.439406E-08
    3.720000E+00   -5.327059E-08
    3.730000E+00   -5.216308E-08
    3.740000E+00   -5.107133E-08
    3.750000E+00   -4.999515E-08
    3.760000E+00   -4.893432E-08
    3.770000E+00   -4.788867E-08
    3.780000E+00   -4.685798E-08
    3.790000E+00   -4.584208E-08
    3.800000E+00   -4.484077E-08
    3.810000E+00   -4.385387E-08
    3.820000E+00   -4.288120E-08
    3.830000E+00   -4.192256E-08
    3.840000E+00   -4.097779E-08
    3.850000E+00   -4.004670E-08
    3.860000E+00   -3.912911E-08
    3.870000E+00   -3.822486E-08
    3.880000E+00   -3.733377E-08
    3.890000E+00   -3.645567E-08
    3.900000E+00   -3.559040E-08
    3.910000E+00   -3.473779E-08
    3.920000E+00   -3.389767E-08
    3.930000E+00   -3.306988E-08
    3.940000E+00   -3.225427E-08
    3.950000E+00   -3.145068E-08
    3.960000E+00   -3.065894E-08
    3.970000E+00   -2.987892E-08
    3.980000E+00   -2.911044E-08
    3.990000E+00   -2.835337E-08
    4.000000E+00   -2.760756E-08
    4.010000E+00   -2.687286E-08
    4.020000E+00   -2.614912E-08
    4.030000E+00   -2.543619E-08
    4.040000E+00   -2.473395E-08
    4.050000E+00   -2.404225E-08
    4.060000E+00   -2.336095E-08
    4.070000E+00   -2.268992E-08
    4.080000E+00   -2.202901E-08
    4.090000E+00   -2.137811E-08
    4.100000E+00   -2.073706E-08
    4.110000E+00   -2.010576E-08
    4.120000E+00   -1.948406E-08
    4.130000E+00   -1.887185E-08
    4.140000E+00   -1.826899E-08
    4.150000E+00   -1.767537E-08
    4.160000E+00   -1.709085E-08
    4.170000E+00   -1.651533E-08
    4.180000E+00   -1.594868E-08
    4.190000E+00   -1.539078E-08
    4.200000E+00   -1.484152E-08
    4.210000E+00   -1.430078E-08
    4.220000E+00   -1.376845E-08
    4.230000E+00   -1.324442E-08
    4.240000E+00   -1.272858E-08
    4.250000E+00   -1.222082E-08
    4.260000E+00   -1.172102E-08
    4.270000E+00   -1.122910E-08
    4.280000E+00   -1.074493E-08
    4.290000E+00   -1.026841E-08
    4.300000E+00   -9.799454E-09
    4.310000E+00   -9.337946E-09
    4.320000E+00   -8.883790E-09
    4.330000E+00   -8.436888E-09
    4.340000E+00   -7.997141E-09
    4.350000E+00   -7.564455E-09
    4.360000E+00   -7.138733E-09
    4.370000E+00   -6.719882E-09
    4.380000E+00   -6.307810E-09
    4.390000E+00   -5.902425E-09
    4.400000E+00   -5.503636E-09
    4.410000E+00   -5.111354E-09
    4.420000E+00   -4.725492E-09
    4.430000E+00   -4.345962E-09
    4.440000E+00   -3.972679E-09
    4.450000E+00   -3.605558E-09
    4.460000E+00   -3.244514E-09
    4.470000E+00   -2.889466E-09
    4.480000E+00   -2.540332E-09
    4.490000E+00   -2.197032E-09
    4.500000E+00   -1.859484E-09
    4.510000E+00   -1.527613E-09
    4.520000E+00   -1.201338E-09
    4.530000E+00   -8.805853E-10
    4.540000E+00   -5.652778E-10
    4.550000E+00   -2.553413E-10
    4.560000E+00    4.929806E-11
    4.570000E+00    3.487128E-10
    4.580000E+00    6.429749E-10
    4.590000E+00    9.321551E-10
    4.600000E+00    1.216323E-09
    4.610000E+00    1.495549E-09
    4.620000E+00    1.769900E-09
    4.630000E+00    2.039444E-09
    4.640000E+00    2.304247E-09
    4.650000E+00    2.564375E-09
    4.660000E+00    2.819892E-09
    4.670000E+00    3.070863E-09
    4.680000E+00    3.317351E-09
    4.690000E+00    3.559418E-09
    4.700000E+00    3.797126E-09
    4.710000E+00    4.030534E-09
    4.720000E+00    4.259704E-09
    4.730000E+00    4.484695E-09
    4.740000E+00    4.705564E-09
    4.750000E+00    4.922370E-09
    4.760000E+00    5.135169E-09
    4.770000E+00    5.344018E-09
    4.780000E+00    5.548972E-09
    4.790000E+00    5.750086E-09
    4.800000E+00    5.947413E-09
    4.810000E+00    6.141008E-09
    4.820000E+00    6.330923E-09
    4.830000E+00    6.517209E-09
    4.840000E+00    6.699919E-09
    4.850000E+00    6.879102E-09
    4.860000E+00    7.054809E-09
    4.870000E+00    7.227089E-09
    4.880000E+00    7.395991E-09
    4.890000E+00    7.561563E-09
    4.900000E+00    7.723851E-09
    4.910000E+00    7.882904E-09
    4.920000E+00    8.038767E-09
    4.930000E+00    8.191486E-09
    4.940000E+00    8.341106E-09
    4.950000E+00    8.487670E-09
    4.960000E+00    8.631224E-09
    4.970000E+00    8.771810E-09
    4.980000E+00    8.909472E-09
    4.990000E+00    9.044250E-09
    5.000000E+00    9.176187E-09
    5.010000E+00    9.305324E-09
    5.020000E+00    9.431702E-09
    5.030000E+00    9.555359E-09
    5.040000E+00    9.676337E-09
    5.050000E+00    9.794673E-09
    5.060000E+00    9.910406E-09
    5.070000E+00    1.002357E-08
    5.080000E+00    1.013422E-08
    5.090000E+00    1.024237E-08
    5.100000E+00    1.034806E-08
    5.110000E+00    1.045134E-08
    5.120000E+00    1.055224E-08
    5.130000E+00    1.065078E-08
    5.140000E+00    1.074702E-08
    5.150000E+00    1.084097E-08
    5.160000E+00    1.093268E-08
    5.170000E+00    1.102218E-08
    5.180000E+00    1.110950E-08
    5.190000E+00    1.119467E-08
    5.200000E+00    1.127773E-08
    5.210000E+00    1.135870E-08
    5.220000E+00    1.143762E-08
    5.230000E+00    1.151452E-08
    5.240000E+00    1.158943E-08
    5.250000E+00    1.166237E-08
    5.260000E+00    1.173339E-08
    5.270000E+00    1.180250E-08
    5.280000E+00    1.186973E-08
    5.290000E+00    1.193512E-08
    5.300000E+00    1.199869E-08
    5.310000E+00    1.206047E-08
    5.320000E+00    1.212049E-08
    5.330000E+00    1.217877E-08
    5.340000E+00    1.223534E-08
    5.350000E+00    1.229022E-08
    5.360000E+00    1.234345E-08
    5.370000E+00    1.239504E-08
    5.380000E+00    1.244503E-08
    5.390000E+00    1.249343E-08
    5.400000E+00    1.254027E-08
    5.410000E+00    1.258558E-08
    5.420000E+00    1.262938E-08
    5.430000E+00    1.267169E-08
    5.440000E+00    1.271254E-08
    5.450000E+00    1.275194E-08
    5.460000E+00    1.278993E-08
    5.470000E+00    1.282652E-08
    5.480000E+00    1.286173E-08
    5.490000E+00    1.289559E-08
    5.500000E+00    1.292812E-08
    5.510000E+00    1.295933E-08
    5.520000E+00    1.298926E-08
    5.530000E+00    1.301792E-08
    5.540000E+00    1.304532E-08
    5.550000E+00    1.307150E-08
    5.560000E+00    1.309647E-08
    5.570000E+00    1.312025E-08
    5.580000E+00    1.314285E-08
    5.590000E+00    1.316430E-08
    5.600000E+00    1.318462E-08
    5.610000E+00    1.320382E-08
    5.620000E+00    1.322193E-08
    5.630000E+00    1.323895E-08
    5.640000E+00    1.325492E-08
    5.650000E+00    1.326983E-08
    5.660000E+00    1.328372E-08
    5.670000E+00    1.329660E-08
    5.680000E+00    1.330849E-08
    5.690000E+00    1.331940E-08
    5.700000E+00    1.332934E-08
    5.710000E+00    1.333834E-08
    5.720000E+00    1.334641E-08
    5.730000E+00    1.335357E-08
    5.740000E+00    1.335983E-08
    5.750000E+00    1.336520E-08
    5.760000E+00    1.336970E-08
    5.770000E+00    1.337336E-08
    5.780000E+00    1.337617E-08
    5.790000E+00    1.337815E-08
    5.800000E+00    1.337933E-08
    5.810000E+00    1.337970E-08
    5.820000E+00    1.337930E-08
    5.830000E+00    1.337812E-08
    5.840000E+00    1.337619E-08
    5.850000E+00    1.337351E-08
    5.860000E+00    1.337011E-08
    5.870000E+00    1.336598E-08
    5.880000E+00    1.336116E-08
    5.890000E+00    1.335563E-08
    5.900000E+00    1.334943E-08
    5.910000E+00    1.334256E-08
    5.920000E+00    1.333503E-08
    5.930000E+00    1.332686E-08
    5.940000E+00    1.331806E-08
    5.950000E+00    1.330863E-08
    5.960000E+00    1.329860E-08
    5.970000E+00    1.328796E-08
    5.980000E+00    1.327674E-08
    5.990000E+00    1.326494E-08
    6.000000E+00    1.325258E-08
    6.010000E+00    1.323965E-08
    6.020000E+00    1.322619E-08
    6.030000E+00    1.321218E-08
    6.040000E+00    1.319765E-08
    6.050000E+00    1.318261E-08
    6.060000E+00    1.316706E-08
    6.070000E+00    1.315101E-08
    6.080000E+00    1.313448E-08
    6.090000E+00    1.311747E-08
    6.100000E+00    1.309999E-08
    6.110000E+00    1.308205E-08
    6.120000E+00    1.306367E-08
    6.130000E+00    1.304484E-08
    6.140000E+00    1.302558E-08
    6.150000E+00    1.300589E-08
    6.160000E+00    1.298580E-08
    6.170000E+00    1.296529E-08
    6.180000E+00    1.294439E-08
    6.190000E+00    1.292309E-08
    6.200000E+00    1.290141E-08
    6.210000E+00    1.287936E-08
    6.220000E+00    1.285695E-08
    6.230000E+00    1.283417E-08
    6.240000E+00    1.281104E-08
    6.250000E+00    1.278757E-08
    6.260000E+00    1.276376E-08
    6.270000E+00    1.273962E-08
    6.280000E+00    1.271515E-08
    6.290000E+00    1.269038E-08
    6.300000E+00    1.266529E-08
    6.310000E+00    1.263990E-08
    6.320000E+00    1.261422E-08
    6.330000E+00    1.258825E-08
    6.340000E+00    1.256200E-08
    6.350000E+00    1.253547E-08
    6.360000E+00    1.250867E-08
    6.370000E+00    1.248162E-08
    6.380000E+00    1.245430E-08
    6.390000E+00    1.242673E-08
    6.400000E+00    1.239892E-08
    6.410000E+00    1.237087E-08
    6.420000E+00    1.234259E-08
    6.430000E+00    1.231408E-08
    6.440000E+00    1.228534E-08
    6.450000E+00    1.225640E-08
    6.460000E+00    1.222724E-08
    6.470000E+00    1.219787E-08
    6.480000E+00    1.216831E-08
    6.490000E+00    1.213855E-08
    6.500000E+00    1.210860E-08
    6.510000E+00    1.207847E-08
    6.520000E+00    1.204815E-08
    6.530000E+00    1.201767E-08
    6.540000E+00    1.198701E-08
    6.550000E+00    1.195619E-08
    6.560000E+00    1.192520E-08
    6.570000E+00    1.189406E-08
    6.580000E+00    1.186277E-08
    6.590000E+00    1.183134E-08
    6.600000E+00    1.179976E-08
    6.610000E+00    1.176804E-08
    6.620000E+00    1.173619E-08
    6.630000E+00    1.170421E-08
    6.640000E+00    1.167210E-08
    6.650000E+00    1.163987E-08
    6.660000E+00    1.160753E-08
    6.670000E+00    1.157507E-08
    6.680000E+00    1.154250E-08
    6.690000E+00    1.150983E-08
    6.700000E+00    1.147705E-08
    6.710000E+00    1.144418E-08
    6.720000E+00    1.141121E-08
    6.730000E+00    1.137815E-08
    6.740000E+00    1.134500E-08
    6.750000E+00    1.131177E-08
    6.760000E+00    1.127846E-08
    6.770000E+00    1.124507E-08
    6.780000E+00    1.121161E-08
    6.790000E+00    1.117808E-08
    6.800000E+00    1.114448E-08
    6.810000E+00    1.111081E-08
    6.820000E+00    1.107709E-08
    6.830000E+00    1.104330E-08
    6.840000E+00    1.100946E-08
    6.850000E+00    1.097557E-08
    6.860000E+00    1.094163E-08
    6.870000E+00    1.090765E-08
    6.880000E+00    1.087362E-08
    6.890000E+00    1.083955E-08
    6.900000E+00    1.080544E-08
    6.910000E+00    1.077130E-08
    6.920000E+00    1.073712E-08
    6.930000E+00    1.070291E-08
    6.940000E+00    1.066868E-08
    6.950000E+00    1.063442E-08
    6.960000E+00    1.060014E-08
    6.970000E+00    1.056584E-08
    6.980000E+00    1.053152E-08
    6.990000E+00    1.049719E-08
    7.000000E+00    1.046284E-08
    7.010000E+00    1.042848E-08
    7.020000E+00    1.039412E-08
    7.030000E+00    1.035974E-08
    7.040000E+00    1.032537E-08
    7.050000E+00    1.029099E-08
    7.060000E+00    1.025661E-08
    7.070000E+00    1.022223E-08
    7.080000E+00    1.018786E-08
    7.090000E+00    1.015349E-08
    7.100000E+00    1.011914E-08
    7.110000E+00    1.008479E-08
    7.120000E+00    1.005045E-08
    7.130000E+00    1.001613E-08
    7.140000E+00    9.981819E-09
    7.150000E+00    9.947528E-09
    7.160000E+00    9.913256E-09
    7.170000E+00    9.879005E-09
    7.180000E+00    9.844776E-09
    7.190000E+00    9.810571E-09
    7.200000E+00    9.776392E-09
    7.210000E+00    9.742240E-09
    7.220000E+00    9.708116E-09
    7.230000E+00    9.674023E-09
    7.240000E+00    9.639962E-09
    7.250000E+00    9.605933E-09
    7.260000E+00    9.571940E-09
    7.270000E+00    9.537983E-09
    7.280000E+00    9.504063E-09
    7.290000E+00    9.470182E-09
    7.300000E+00    9.436341E-09
    7.310000E+00    9.402542E-09
    7.320000E+00    9.368786E-09
    7.330000E+00    9.335074E-09
    7.340000E+00    9.301407E-09
    7.350000E+00    9.267787E-09
    7.360000E+00    9.234214E-09
    7.370000E+00    9.200690E-09
    7.380000E+00    9.167217E-09
    7.390000E+00    9.133794E-09
    7.400000E+00    9.100424E-09
    7.410000E+00    9.067108E-09
    7.420000E+00    9.033845E-09
    7.430000E+00    9.000639E-09
    7.440000E+00    8.967488E-09
    7.450000E+00    8.934396E-09
    7.460000E+00    8.901361E-09
    7.470000E+00    8.868386E-09
    7.480000E+00    8.835472E-09
    7.490000E+00    8.802618E-09
    7.500000E+00    8.769827E-09
    7.510000E+00    8.737099E-09
    7.520000E+00    8.704434E-09
    7.530000E+00    8.671835E-09
    7.540000E+00    8.639301E-09
    7.550000E+00    8.606833E-09
    7.560000E+00    8.574432E-09
    7.570000E+00    8.542099E-09
    7.580000E+00    8.509835E-09
    7.590000E+00    8.477640E-09
    7.600000E+00    8.445516E-09
    7.610000E+00    8.413462E-09
    7.620000E+00    8.381479E-09
    7.630000E+00    8.349569E-09
    7.640000E+00    8.317731E-09
    7.650000E+00    8.285967E-09
    7.660000E+00    8.254277E-09
    7.670000E+00    8.222661E-09
    7.680000E+00    8.191120E-09
    7.690000E+00    8.159656E-09
    7.700000E+00    8.128267E-09
    7.710000E+00    8.096956E-09
    7.720000E+00    8.065722E-09
    7.730000E+00    8.034566E-09
    7.740000E+00    8.003488E-09
    7.750000E+00    7.972489E-09
    7.760000E+00    7.941569E-09
    7.770000E+00    7.910730E-09
    7.780000E+00    7.879971E-09
    7.790000E+00    7.849292E-09
    7.800000E+00    7.818695E-09
    7.810000E+00    7.788179E-09
    7.820000E+00    7.757745E-09
    7.830000E+00    7.727393E-09
    7.840000E+00    7.697125E-09
    7.850000E+00    7.666939E-09
    7.860000E+00    7.636837E-09
    7.870000E+00    7.606818E-09
    7.880000E+00    7.576884E-09
    7.890000E+00    7.547034E-09
    7.900000E+00    7.517269E-09
    7.910000E+00    7.487589E-09
    7.920000E+00    7.457995E-09
    7.930000E+00    7.428486E-09
    7.940000E+00    7.399063E-09
    7.950000E+00    7.369726E-09
    7.960000E+00    7.340475E-09
    7.970000E+00    7.311311E-09
    7.980000E+00    7.282234E-09
    7.990000E+00    7.253244E-09
    8.000000E+00    7.224342E-09
    8.010000E+00    7.195527E-09
    8.020000E+00    7.166800E-09
    8.030000E+00    7.138160E-09
    8.040000E+00    7.109609E-09
    8.050000E+00    7.081146E-09
    8.060000E+00    7.052771E-09
    8.070000E+00    7.024485E-09
    8.080000E+00    6.996288E-09
    8.090000E+00    6.968179E-09
    8.100000E+00    6.940159E-09
    8.110000E+00    6.912229E-09
    8.120000E+00    6.884388E-09
    8.130000E+00    6.856636E-09
    8.140000E+00    6.828973E-09
    8.150000E+00    6.801400E-09
    8.160000E+00    6.773917E-09
    8.170000E+00    6.746523E-09
    8.180000E+00    6.719219E-09
    8.190000E+00    6.692004E-09
    8.200000E+00    6.664880E-09
    8.210000E+00    6.637846E-09
    8.220000E+00    6.610901E-09
    8.230000E+00    6.584047E-09
    8.240000E+00    6.557282E-09
    8.250000E+00    6.530608E-09
    8.260000E+00    6.504023E-09
    8.270000E+00    6.477529E-09
    8.280000E+00    6.451125E-09
    8.290000E+00    6.424811E-09
    8.300000E+00    6.398587E-09
    8.310000E+00    6.372453E-09
    8.320000E+00    6.346409E-09
    8.330000E+00    6.320456E-09
    8.340000E+00    6.294592E-09
    8.350000E+00    6.268818E-09
    8.360000E+00    6.243135E-09
    8.370000E+00    6.217541E-09
    8.380000E+00    6.192037E-09
    8.390000E+00    6.166624E-09
    8.400000E+00    6.141299E-09
    8.410000E+00    6.116065E-09
    8.420000E+00    6.090920E-09
    8.430000E+00    6.065865E-09
    8.440000E+00    6.040900E-09
    8.450000E+00    6.016024E-09
    8.460000E+00    5.991237E-09
    8.470000E+00    5.966540E-09
    8.480000E+00    5.941932E-09
    8.490000E+00    5.917413E-09
    8.500000E+00    5.892983E-09
    8.510000E+00    5.868643E-09
    8.520000E+00    5.844391E-09
    8.530000E+00    5.820227E-09
    8.540000E+00    5.796153E-09
    8.550000E+00    5.772167E-09
    8.560000E+00    5.748269E-09
    8.570000E+00    5.724459E-09
    8.580000E+00    5.700738E-09
    8.590000E+00    5.677105E-09
    8.600000E+00    5.653560E-09
    8.610000E+00    5.630102E-09
    8.620000E+00    5.606733E-09
    8.630000E+00    5.583450E-09
    8.640000E+00    5.560255E-09
    8.650000E+00    5.537148E-09
    8.660000E+00    5.514127E-09
    8.670000E+00    5.491194E-09
    8.680000E+00    5.468347E-09
    8.690000E+00    5.445586E-09
    8.700000E+00    5.422913E-09
    8.710000E+00    5.400325E-09
    8.720000E+00    5.377824E-09
    8.730000E+00    5.355409E-09
    8.740000E+00    5.333079E-09
    8.750000E+00    5.310835E-09
    8.760000E+00    5.288677E-09
    8.770000E+00    5.266604E-09
    8.780000E+00    5.244616E-09
    8.790000E+00    5.222713E-09
    8.800000E+00    5.200895E-09
    8.810000E+00    5.179162E-09
    8.820000E+00    5.157512E-09
    8.830000E+00    5.135948E-09
    8.840000E+00    5.114467E-09
    8.850000E+00    5.093070E-09
    8.860000E+00    5.071756E-09
    8.870000E+00    5.050526E-09
    8.880000E+00    5.029380E-09
    8.890000E+00    5.008316E-09
    8.900000E+00    4.987336E-09
    8.910000E+00    4.966438E-09
    8.920000E+00    4.945622E-09
    8.930000E+00    4.924889E-09
    8.940000E+00    4.904238E-09
    8.950000E+00    4.883668E-09
    8.960000E+00    4.863181E-09
    8.970000E+00    4.842775E-09
    8.980000E+00    4.822450E-09
    8.990000E+00    4.802206E-09
    9.000000E+00    4.782043E-09
    9.010000E+00    4.761960E-09
    9.020000E+00    4.741958E-09
    9.030000E+00    4.722036E-09
    9.040000E+00    4.702194E-09
    9.050000E+00    4.682432E-09
    9.060000E+00    4.662749E-09
    9.070000E+00    4.643146E-09
    9.080000E+00    4.623622E-09
    9.090000E+00    4.604176E-09
    9.100000E+00    4.584809E-09
    9.110000E+00    4.565521E-09
    9.120000E+00    4.546311E-09
    9.130000E+00    4.527178E-09
    9.140000E+00    4.508124E-09
    9.150000E+00    4.489147E-09
    9.160000E+00    4.470247E-09
    9.170000E+00    4.451424E-09
    9.180000E+00    4.432678E-09
    9.190000E+00    4.414009E-09
    9.200000E+00    4.395416E-09
    9.210000E+00    4.376899E-09
    9.220000E+00    4.358458E-09
    9.230000E+00    4.340093E-09
    9.240000E+00    4.321803E-09
    9.250000E+00    4.303589E-09
    9.260000E+00    4.285449E-09
    9.270000E+00    4.267384E-09
    9.280000E+00    4.249394E-09
    9.290000E+00    4.231478E-09
    9.300000E+00    4.213636E-09
    9.310000E+00    4.195867E-09
    9.320000E+00    4.178173E-09
    9.330000E+00    4.160551E-09
    9.340000E+00    4.143003E-09
    9.350000E+00    4.125527E-09
    9.360000E+00    4.108124E-09
    9.370000E+00    4.090794E-09
    9.380000E+00    4.073536E-09
    9.390000E+00    4.056349E-09
    9.400000E+00    4.039234E-09
    9.410000E+00    4.022191E-09
    9.420000E+00    4.005218E-09
    9.430000E+00    3.988317E-09
    9.440000E+00    3.971486E-09
    9.450000E+00    3.954726E-09
    9.460000E+00    3.938036E-09
    9.470000E+00    3.921416E-09
    9.480000E+00    3.904866E-09
    9.490000E+00    3.888385E-09
    9.500000E+00    3.871974E-09
    9.510000E+00    3.855631E-09
    9.520000E+00    3.839357E-09
    9.530000E+00    3.823152E-09
    9.540000E+00    3.807015E-09
    9.550000E+00    3.790946E-09
    9.560000E+00    3.774945E-09
    9.570000E+00    3.759012E-09
    9.580000E+00    3.743146E-09
    9.590000E+00    3.727347E-09
    9.600000E+00    3.711614E-09
    9.610000E+00    3.695949E-09
    9.620000E+00    3.680350E-09
    9.630000E+00    3.664817E-09
    9.640000E+00    3.649350E-09
    9.650000E+00    3.633948E-09
    9.660000E+00    3.618612E-09
    9.670000E+00    3.603341E-09
    9.680000E+00    3.588135E-09
    9.690000E+00    3.572994E-09
    9.700000E+00    3.557917E-09
    9.710000E+00    3.542905E-09
    9.720000E+00    3.527956E-09
    9.730000E+00    3.513072E-09
    9.740000E+00    3.498250E-09
    9.750000E+00    3.483492E-09
    9.760000E+00    3.468797E-09
    9.770000E+00    3.454165E-09
    9.780000E+00    3.439596E-09
    9.790000E+00    3.425089E-09
    9.800000E+00    3.410644E-09
    9.810000E+00    3.396260E-09
    9.820000E+00    3.381939E-09
    9.830000E+00    3.367679E-09
    9.840000E+00    3.353480E-09
    9.850000E+00    3.339342E-09
    9.860000E+00    3.325264E-09
    9.870000E+00    3.311247E-09
    9.880000E+00    3.297291E-09
    9.890000E+00    3.283394E-09
    9.900000E+00    3.269557E-09
    9.910000E+00    3.255780E-09
    9.920000E+00    3.242062E-09
    9.930000E+00    3.228403E-09
    9.940000E+00    3.214803E-09
    9.950000E+00    3.201261E-09
    9.960000E+00    3.187778E-09
    9.970000E+00    3.174354E-09
    9.980000E+00    3.160987E-09
    9.990000E+00    3.147677E-09
    1.000000E+01    3.134426E-09
    1.001000E+01    3.121231E-09
    1.002000E+01    3.108094E-09
    1.003000E+01    3.095013E-09
    1.004000E+01    3.081989E-09
    1.005000E+01    3.069021E-09
    1.006000E+01    3.056110E-09
    1.007000E+01    3.043254E-09
    1.008000E+01    3.030454E-09
    1.009000E+01    3.017709E-09
    1.010000E+01    3.005020E-09
    1.011000E+01    2.992386E-09
    1.012000E+01    2.979806E-09
    1.013000E+01    2.967281E-09
    1.014000E+01    2.954811E-09
    1.015000E+01    2.942394E-09
    1.016000E+01    2.930032E-09
    1.017000E+01    2.917723E-09
    1.018000E+01    2.905468E-09
    1.019000E+01    2.893266E-09
    1.020000E+01    2.881117E-09
    1.021000E+01    2.869020E-09
    1.022000E+01    2.856977E-09
    1.023000E+01    2.844986E-09
    1.024000E+01    2.833047E-09
    1.025000E+01    2.821160E-09
    1.026000E+01    2.809324E-09
    1.027000E+01    2.797541E-09
    1.028000E+01    2.785808E-09
    1.029000E+01    2.774127E-09
    1.030000E+01    2.762497E-09
    1.031000E+01    2.750917E-09
    1.032000E+01    2.739388E-09
    1.033000E+01    2.727909E-09
    1.034000E+01    2.716481E-09
    1.035000E+01    2.705102E-09
    1.036000E+01    2.693772E-09
    1.037000E+01    2.682493E-09
    1.038000E+01    2.671262E-09
    1.039000E+01    2.660081E-09
    1.040000E+01    2.648948E-09
    1.041000E+01    2.637864E-09
    1.042000E+01    2.626828E-09
    1.043000E+01    2.615841E-09
    1.044000E+01    2.604902E-09
    1.045000E+01    2.594010E-09
    1.046000E+01    2.583166E-09
    1.047000E+01    2.572370E-09
    1.048000E+01    2.561621E-09
    1.049000E+01    2.550918E-09
    1.050000E+01    2.540263E-09
    1.051000E+01    2.529654E-09
    1.052000E+01    2.519092E-09
    1.053000E+01    2.508576E-09
    1.054000E+01    2.498106E-09
    1.055000E+01    2.487682E-09
    1.056000E+01    2.477303E-09
    1.057000E+01    2.466970E-09
    1.058000E+01    2.456682E-09
    1.059000E+01    2.446439E-09
    1.060000E+01    2.436241E-09
    1.061000E+01    2.426088E-09
    1.062000E+01    2.415979E-09
    1.063000E+01    2.405915E-09
    1.064000E+01    2.395895E-09
    1.065000E+01    2.385918E-09
    1.066000E+01    2.375985E-09
    1.067000E+01    2.366096E-09
    1.068000E+01    2.356251E-09
    1.069000E+01    2.346448E-09
    1.070000E+01    2.336688E-09
    1.071000E+01    2.326972E-09
    1.072000E+01    2.317297E-09
    1.073000E+01    2.307666E-09
    1.074000E+01    2.298076E-09
    1.075000E+01    2.288529E-09
    1.076000E+01    2.279023E-09
    1.077000E+01    2.269560E-09
    1.078000E+01    2.260137E-09
    1.079000E+01    2.250756E-09
    1.080000E+01    2.241417E-09
    1.081000E+01    2.232118E-09
    1.082000E+01    2.222860E-09
    1.083000E+01    2.213642E-09
    1.084000E+01    2.204466E-09
    1.085000E+01    2.195329E-09
    1.086000E+01    2.186232E-09
    1.087000E+01    2.177176E-09
    1.088000E+01    2.168159E-09
    1.089000E+01    2.159182E-09
    1.090000E+01    2.150244E-09
    1.091000E+01    2.141346E-09
    1.092000E+01    2.132486E-09
    1.093000E+01    2.123665E-09
    1.094000E+01    2.114884E-09
    1.095000E+01    2.106140E-09
    1.096000E+01    2.097435E-09
    1.097000E+01    2.088769E-09
    1.098000E+01    2.080140E-09
    1.099000E+01    2.071549E-09
    1.100000E+01    2.062996E-09
    1.101000E+01    2.054481E-09
    1.102000E+01    2.046003E-09
    1.103000E+01    2.037562E-09
    1.104000E+01    2.029158E-09
    1.105000E+01    2.020791E-09
    1.106000E+01    2.012461E-09
    1.107000E+01    2.004167E-09
    1.108000E+01    1.995910E-09
    1.109000E+01    1.987689E-09
    1.110000E+01    1.979504E-09
    1.111000E+01    1.971355E-09
    1.112000E+01    1.963242E-09
    1.113000E+01    1.955164E-09
    1.114000E+01    1.947122E-09
    1.115000E+01    1.939116E-09
    1.116000E+01    1.931144E-09
    1.117000E+01    1.923207E-09
    1.118000E+01    1.915305E-09
    1.119000E+01    1.907438E-09
    1.120000E+01    1.899606E-09
    1.121000E+01    1.891807E-09
    1.122000E+01    1.884043E-09
    1.123000E+01    1.876313E-09
    1.124000E+01    1.868617E-09
    1.125000E+01    1.860955E-09
    1.126000E+01    1.853326E-09
    1.127000E+01    1.845731E-09
    1.128000E+01    1.838169E-09
    1.129000E+01    1.830641E-09
    1.130000E+01    1.823145E-09
    1.131000E+01    1.815682E-09
    1.132000E+01    1.808252E-09
    1.133000E+01    1.800854E-09
    1.134000E+01    1.793489E-09
    1.135000E+01    1.786157E-09
    1.136000E+01    1.778856E-09
    1.137000E+01    1.771587E-09
    1.138000E+01    1.764350E-09
    1.139000E+01    1.757145E-09
    1.140000E+01    1.749972E-09
    1.141000E+01    1.742830E-09
    1.142000E+01    1.735719E-09
    1.143000E+01    1.728639E-09
    1.144000E+01    1.721591E-09
    1.145000E+01    1.714573E-09
    1.146000E+01    1.707586E-09
    1.147000E+01    1.700630E-09
    1.148000E+01    1.693704E-09
    1.149000E+01    1.686808E-09
    1.150000E+01    1.679943E-09
    1.151000E+01    1.673107E-09
    1.152000E+01    1.666302E-09
    1.153000E+01    1.659526E-09
    1.154000E+01    1.652780E-09
    1.155000E+01    1.646064E-09
    1.156000E+01    1.639377E-09
    1.157000E+01    1.632719E-09
    1.158000E+01    1.626090E-09
    1.159000E+01    1.619490E-09
    1.160000E+01    1.612920E-09
    1.161000E+01    1.606377E-09
    1.162000E+01    1.599864E-09
    1.163000E+01    1.593379E-09
    1.164000E+01    1.586922E-09
    1.165000E+01    1.580494E-09
    1.166000E+01    1.574093E-09
    1.167000E+01    1.567721E-09
    1.168000E+01    1.561376E-09
    1.169000E+01    1.555059E-09
    1.170000E+01    1.548770E-09
    1.171000E+01    1.542508E-09
    1.172000E+01    1.536273E-09
    1.173000E+01    1.530066E-09
    1.174000E+01    1.523886E-09
    1.175000E+01    1.517733E-09
    1.176000E+01    1.511606E-09
    1.177000E+01    1.505507E-09
    1.178000E+01    1.499434E-09
    1.179000E+01    1.493387E-09
    1.180000E+01    1.487367E-09
    1.181000E+01    1.481373E-09
    1.182000E+01    1.475405E-09
    1.183000E+01    1.469463E-09
    1.184000E+01    1.463547E-09
    1.185000E+01    1.457657E-09
    1.186000E+01    1.451793E-09
    1.187000E+01    1.445954E-09
    1.188000E+01    1.440140E-09
    1.189000E+01    1.434352E-09
    1.190000E+01    1.428589E-09
    1.191000E+01    1.422851E-09
    1.192000E+01    1.417138E-09
    1.193000E+01    1.411450E-09
    1.194000E+01    1.405787E-09
    1.195000E+01    1.400148E-09
    1.196000E+01    1.394534E-09
    1.197000E+01    1.388944E-09
    1.198000E+01    1.383379E-09
    1.199000E+01    1.377837E-09
    1.200000E+01    1.372320E-09
    1.201000E+01    1.366827E-09
    1.202000E+01    1.361358E-09
    1.203000E+01    1.355912E-09
    1.204000E+01    1.350490E-09
    1.205000E+01    1.345092E-09
    1.206000E+01    1.339717E-09
    1.207000E+01    1.334365E-09
    1.208000E+01    1.329037E-09
    1.209000E+01    1.323731E-09
    1.210000E+01    1.318449E-09
    1.211000E+01    1.313190E-09
    1.212000E+01    1.307953E-09
    1.213000E+01    1.302739E-09
    1.214000E+01    1.297548E-09
    1.215000E+01    1.292379E-09
    1.216000E+01    1.287233E-09
    1.217000E+01    1.282109E-09
    1.218000E+01    1.277007E-09
    1.219000E+01    1.271927E-09
    1.220000E+01    1.266869E-09
    1.221000E+01    1.261833E-09
    1.222000E+01    1.256819E-09
    1.223000E+01    1.251827E-09
    1.224000E+01    1.246856E-09
    1.225000E+01    1.241906E-09
    1.226000E+01    1.236978E-09
    1.227000E+01    1.232072E-09
    1.228000E+01    1.227186E-09
    1.229000E+01    1.222322E-09
    1.230000E+01    1.217479E-09
    1.231000E+01    1.212656E-09
    1.232000E+01    1.207855E-09
    1.233000E+01    1.203074E-09
    1.234000E+01    1.198313E-09
    1.235000E+01    1.193574E-09
    1.236000E+01    1.188854E-09
    1.237000E+01    1.184156E-09
    1.238000E+01    1.179477E-09
    1.239000E+01    1.174818E-09
    1.240000E+01    1.170180E-09
    1.241000E+01    1.165562E-09
    1.242000E+01    1.160963E-09
    1.243000E+01    1.156385E-09
    1.244000E+01    1.151826E-09
    1.245000E+01    1.147286E-09
    1.246000E+01    1.142766E-09
    1.247000E+01    1.138266E-09
    1.248000E+01    1.133785E-09
    1.249000E+01    1.129323E-09
    1.250000E+01    1.124881E-09
    1.251000E+01    1.120457E-09
    1.252000E+01    1.116053E-09
    1.253000E+01    1.111667E-09
    1.254000E+01    1.107301E-09
    1.255000E+01    1.102953E-09
    1.256000E+01    1.098623E-09
    1.257000E+01    1.094313E-09
    1.258000E+01    1.090021E-09
    1.259000E+01    1.085747E-09
    1.260000E+01    1.081491E-09
    1.261000E+01    1.077254E-09
    1.262000E+01    1.073035E-09
    1.263000E+01    1.068834E-09
    1.264000E+01    1.064651E-09
    1.265000E+01    1.060487E-09
    1.266000E+01    1.056339E-09
    1.267000E+01    1.052210E-09
    1.268000E+01    1.048098E-09
    1.269000E+01    1.044004E-09
    1.270000E+01    1.039928E-09
    1.271000E+01    1.035868E-09
    1.272000E+01    1.031827E-09
    1.273000E+01    1.027802E-09
    1.274000E+01    1.023795E-09
    1.275000E+01    1.019805E-09
    1.276000E+01    1.015831E-09
    1.277000E+01    1.011875E-09
    1.278000E+01    1.007936E-09
    1.279000E+01    1.004013E-09
    1.280000E+01    1.000108E-09
    1.281000E+01    9.962187E-10
    1.282000E+01    9.923462E-10
    1.283000E+01    9.884902E-10
    1.284000E+01    9.846507E-10
    1.285000E+01    9.808275E-10
    1.286000E+01    9.770207E-10
    1.287000E+01    9.732300E-10
    1.288000E+01    9.694555E-10
    1.289000E+01    9.656971E-10
    1.290000E+01    9.619546E-10
    1.291000E+01    9.582281E-10
    1.292000E+01    9.545174E-10
    1.293000E+01    9.508225E-10
    1.294000E+01    9.471434E-10
    1.295000E+01    9.434798E-10
    1.296000E+01    9.398318E-10
    1.297000E+01    9.361994E-10
    1.298000E+01    9.325823E-10
    1.299000E+01    9.289806E-10
    1.300000E+01    9.253942E-10
    1.301000E+01    9.218231E-10
    1.302000E+01    9.182670E-10
    1.303000E+01    9.147261E-10
    1.304000E+01    9.112001E-10
    1.305000E+01    9.076891E-10
    1.306000E+01    9.041930E-10
    1.307000E+01    9.007117E-10
    1.308000E+01    8.972451E-10
    1.309000E+01    8.937933E-10
    1.310000E+01    8.903560E-10
    1.311000E+01    8.869332E-10
    1.312000E+01    8.835250E-10
    1.313000E+01    8.801312E-10
    1.314000E+01    8.767517E-10
    1.315000E+01    8.733865E-10
    1.316000E+01    8.700355E-10
    1.317000E+01    8.666986E-10
    1.318000E+01    8.633759E-10
    1.319000E+01    8.600672E-10
    1.320000E+01    8.567724E-10
    1.321000E+01    8.534916E-10
    1.322000E+01    8.502246E-10
    1.323000E+01    8.469713E-10
    1.324000E+01    8.437318E-10
    1.325000E+01    8.405060E-10
    1.326000E+01    8.372937E-10
    1.327000E+01    8.340949E-10
    1.328000E+01    8.309097E-10
    1.329000E+01    8.277378E-10
    1.330000E+01    8.245793E-10
    1.331000E+01    8.214340E-10
    1.332000E+01    8.183020E-10
    1.333000E+01    8.151832E-10
    1.334000E+01    8.120774E-10
    1.335000E+01    8.089847E-10
    1.336000E+01    8.059051E-10
    1.337000E+01    8.028383E-10
    1.338000E+01    7.997844E-10
    1.339000E+01    7.967433E-10
    1.340000E+01    7.937150E-10
    1.341000E+01    7.906994E-10
    1.342000E+01    7.876964E-10
    1.343000E+01    7.847061E-10
    1.344000E+01    7.817282E-10
    1.345000E+01    7.787628E-10
    1.346000E+01    7.758099E-10
    1.347000E+01    7.728693E-10
    1.348000E+01    7.699410E-10
    1.349000E+01    7.670250E-10
    1.350000E+01    7.641211E-10
    1.351000E+01    7.612294E-10
    1.352000E+01    7.583498E-10
    1.353000E+01    7.554822E-10
    1.354000E+01    7.526266E-10
    1.355000E+01    7.497829E-10
    1.356000E+01    7.469511E-10
    1.357000E+01    7.441312E-10
    1.358000E+01    7.413229E-10
    1.359000E+01    7.385264E-10
    1.360000E+01    7.357416E-10
    1.361000E+01    7.329684E-10
    1.362000E+01    7.302067E-10
    1.363000E+01    7.274565E-10
    1.364000E+01    7.247178E-10
    1.365000E+01    7.219904E-10
    1.366000E+01    7.192745E-10
    1.367000E+01    7.165698E-10
    1.368000E+01    7.138764E-10
    1.369000E+01    7.111941E-10
    1.370000E+01    7.085231E-10
    1.371000E+01    7.058631E-10
    1.372000E+01    7.032142E-10
    1.373000E+01    7.005762E-10
    1.374000E+01    6.979492E-10
    1.375000E+01    6.953332E-10
    1.376000E+01    6.927279E-10
    1.377000E+01    6.901335E-10
    1.378000E+01    6.875498E-10
    1.379000E+01    6.849769E-10
    1.380000E+01    6.824146E-10
    1.381000E+01    6.798629E-10
    1.382000E+01    6.773218E-10
    1.383000E+01    6.747912E-10
    1.384000E+01    6.722710E-10
    1.385000E+01    6.697613E-10
    1.386000E+01    6.672620E-10
    1.387000E+01    6.647730E-10
    1.388000E+01    6.622943E-10
    1.389000E+01    6.598258E-10
    1.390000E+01    6.573675E-10
    1.391000E+01    6.549194E-10
    1.392000E+01    6.524814E-10
    1.393000E+01    6.500534E-10
    1.394000E+01    6.476355E-10
    1.395000E+01    6.452275E-10
    1.396000E+01    6.428294E-10
    1.397000E+01    6.404412E-10
    1.398000E+01    6.380629E-10
    1.399000E+01    6.356943E-10
    1.400000E+01    6.333355E-10
    1.401000E+01    6.309864E-10
    1.402000E+01    6.286470E-10
    1.403000E+01    6.263172E-10
    1.404000E+01    6.239969E-10
    1.405000E+01    6.216862E-10
    1.406000E+01    6.193850E-10
    1.407000E+01    6.170933E-10
    1.408000E+01    6.148109E-10
    1.409000E+01    6.125379E-10
    1.410000E+01    6.102743E-10
    1.411000E+01    6.080199E-10
    1.412000E+01    6.057747E-10
    1.413000E+01    6.035388E-10
    1.414000E+01    6.013120E-10
    1.415000E+01    5.990944E-10
    1.416000E+01    5.968858E-10
    1.417000E+01    5.946863E-10
    1.418000E+01    5.924957E-10
    1.419000E+01    5.903142E-10
    1.420000E+01    5.881415E-10
    1.421000E+01    5.859777E-10
    1.422000E+01    5.838228E-10
    1.423000E+01    5.816766E-10
    1.424000E+01    5.795393E-10
    1.425000E+01    5.774106E-10
    1.426000E+01    5.752907E-10
    1.427000E+01    5.731793E-10
    1.428000E+01    5.710766E-10
    1.429000E+01    5.689825E-10
    1.430000E+01    5.668969E-10
    1.431000E+01    5.648198E-10
    1.432000E+01    5.627512E-10
    1.433000E+01    5.606909E-10
    1.434000E+01    5.586391E-10
    1.435000E+01    5.565956E-10
    1.436000E+01    5.545604E-10
    1.437000E+01    5.525335E-10
    1.438000E+01    5.505148E-10
    1.439000E+01    5.485043E-10
    1.440000E+01    5.465020E-10
    1.441000E+01    5.445078E-10
    1.442000E+01    5.425217E-10
    1.443000E+01    5.405437E-10
    1.444000E+01    5.385737E-10
    1.445000E+01    5.366117E-10
    1.446000E+01    5.346576E-10
    1.447000E+01    5.327114E-10
    1.448000E+01    5.307731E-10
    1.449000E+01    5.288427E-10
    1.450000E+01    5.269201E-10
    1.451000E+01    5.250052E-10
    1.452000E+01    5.230981E-10
    1.453000E+01    5.211987E-10
    1.454000E+01    5.193070E-10
    1.455000E+01    5.174230E-10
    1.456000E+01    5.155465E-10
    1.457000E+01    5.136776E-10
    1.458000E+01    5.118163E-10
    1.459000E+01    5.099624E-10
    1.460000E+01    5.081161E-10
    1.461000E+01    5.062771E-10
    1.462000E+01    5.044456E-10
    1.463000E+01    5.026215E-10
    1.464000E+01    5.008047E-10
    1.465000E+01    4.989953E-10
    1.466000E+01    4.971931E-10
    1.467000E+01    4.953981E-10
    1.468000E+01    4.936104E-10
    1.469000E+01    4.918299E-10
    1.470000E+01    4.900565E-10
    1.471000E+01    4.882902E-10
    1.472000E+01    4.865311E-10
    1.473000E+01    4.847790E-10
    1.474000E+01    4.830339E-10
    1.475000E+01    4.812958E-10
    1.476000E+01    4.795647E-10
    1.477000E+01    4.778406E-10
    1.478000E+01    4.761233E-10
    1.479000E+01    4.744130E-10
    1.480000E+01    4.727094E-10
    1.481000E+01    4.710127E-10
    1.482000E+01    4.693228E-10
    1.483000E+01    4.676397E-10
    1.484000E+01    4.659632E-10
    1.485000E+01    4.642935E-10
    1.486000E+01    4.626305E-10
    1.487000E+01    4.609741E-10
    1.488000E+01    4.593243E-10
    1.489000E+01    4.576811E-10
    1.490000E+01    4.560444E-10
    1.491000E+01    4.544143E-10
    1.492000E+01    4.527907E-10
    1.493000E+01    4.511735E-10
    1.494000E+01    4.495628E-10
    1.495000E+01    4.479585E-10
    1.496000E+01    4.463606E-10
    1.497000E+01    4.447691E-10
    1.498000E+01    4.431839E-10
    1.499000E+01    4.416049E-10
    1.500000E+01    4.400323E-10
    1.501000E+01    4.384659E-10
    1.502000E+01    4.369058E-10
    1.503000E+01    4.353518E-10
    1.504000E+01    4.338040E-10
    1.505000E+01    4.322624E-10
    1.506000E+01    4.307268E-10
    1.507000E+01    4.291974E-10
    1.508000E+01    4.276740E-10
    1.509000E+01    4.261567E-10
    1.510000E+01    4.246453E-10
    1.511000E+01    4.231400E-10
    1.512000E+01    4.216406E-10
    1.513000E+01    4.201472E-10
    1.514000E+01    4.186596E-10
    1.515000E+01    4.171780E-10
    1.516000E+01    4.157022E-10
    1.517000E+01    4.142322E-10
    1.518000E+01    4.127680E-10
    1.519000E+01    4.113096E-10
    1.520000E+01    4.098570E-10
    1.521000E+01    4.084101E-10
    1.522000E+01    4.069689E-10
    1.523000E+01    4.055334E-10
    1.524000E+01    4.041035E-10
    1.525000E+01    4.026793E-10
    1.526000E+01    4.012607E-10
    1.527000E+01    3.998477E-10
    1.528000E+01    3.984402E-10
    1.529000E+01    3.970383E-10
    1.530000E+01    3.956419E-10
    1.531000E+01    3.942510E-10
    1.532000E+01    3.928655E-10
    1.533000E+01    3.914855E-10
    1.534000E+01    3.901109E-10
    1.535000E+01    3.887418E-10
    1.536000E+01    3.873779E-10
    1.537000E+01    3.860195E-10
    1.538000E+01    3.846663E-10
    1.539000E+01    3.833185E-10
    1.540000E+01    3.819759E-10
    1.541000E+01    3.806386E-10
    1.542000E+01    3.793066E-10
    1.543000E+01    3.779797E-10
    1.544000E+01    3.766581E-10
    1.545000E+01    3.753416E-10
    1.546000E+01    3.740302E-10
    1.547000E+01    3.727240E-10
    1.548000E+01    3.714229E-10
    1.549000E+01    3.701269E-10
    1.550000E+01    3.688359E-10
    1.551000E+01    3.675500E-10
    1.552000E+01    3.662691E-10
    1.553000E+01    3.649931E-10
    1.554000E+01    3.637222E-10
    1.555000E+01    3.624562E-10
    1.556000E+01    3.611951E-10
    1.557000E+01    3.599390E-10
    1.558000E+01    3.586877E-10
    1.559000E+01    3.574413E-10
    1.560000E+01    3.561998E-10
    1.561000E+01    3.549631E-10
    1.562000E+01    3.537312E-10
    1.563000E+01    3.525041E-10
    1.564000E+01    3.512817E-10
    1.565000E+01    3.500641E-10
    1.566000E+01    3.488512E-10
    1.567000E+01    3.476430E-10
    1.568000E+01    3.464396E-10
    1.569000E+01    3.452407E-10
    1.570000E+01    3.440465E-10
    1.571000E+01    3.428570E-10
    1.572000E+01    3.416720E-10
    1.573000E+01    3.404917E-10
    1.574000E+01    3.393159E-10
    1.575000E+01    3.381447E-10
    1.576000E+01    3.369779E-10
    1.577000E+01    3.358157E-10
    1.578000E+01    3.346580E-10
    1.579000E+01    3.335048E-10
    1.580000E+01    3.323560E-10
    1.581000E+01    3.312116E-10
    1.582000E+01    3.300717E-10
    1.583000E+01    3.289361E-10
    1.584000E+01    3.278050E-10
    1.585000E+01    3.266782E-10
    1.586000E+01    3.255557E-10
    1.587000E+01    3.244376E-10
    1.588000E+01    3.233237E-10
    1.589000E+01    3.222142E-10
    1.590000E+01    3.211089E-10
    1.591000E+01    3.200079E-10
    1.592000E+01    3.189111E-10
    1.593000E+01    3.178185E-10
    1.594000E+01    3.167301E-10
    1.595000E+01    3.156459E-10
    1.596000E+01    3.145658E-10
    1.597000E+01    3.134899E-10
    1.598000E+01    3.124181E-10
    1.599000E+01    3.113505E-10
    1.600000E+01    3.102869E-10
    1.601000E+01    3.092274E-10
    1.602000E+01    3.081719E-10
    1.603000E+01    3.071205E-10
    1.604000E+01    3.060731E-10
    1.605000E+01    3.050298E-10
    1.606000E+01    3.039904E-10
    1.607000E+01    3.029550E-10
    1.608000E+01    3.019235E-10
    1.609000E+01    3.008960E-10
    1.610000E+01    2.998724E-10
    1.611000E+01    2.988527E-10
    1.612000E+01    2.978369E-10
    1.613000E+01    2.968250E-10
    1.614000E+01    2.958169E-10
    1.615000E+01    2.948127E-10
    1.616000E+01    2.938123E-10
    1.617000E+01    2.928157E-10
    1.618000E+01    2.918229E-10
    1.619000E+01    2.908339E-10
    1.620000E+01    2.898486E-10
    1.621000E+01    2.888671E-10
    1.622000E+01    2.878894E-10
    1.623000E+01    2.869153E-10
    1.624000E+01    2.859449E-10
    1.625000E+01    2.849782E-10
    1.626000E+01    2.840152E-10
    1.627000E+01    2.830559E-10
    1.628000E+01    2.821002E-10
    1.629000E+01    2.811481E-10
    1.630000E+01    2.801996E-10
    1.631000E+01    2.792547E-10
    1.632000E+01    2.783134E-10
    1.633000E+01    2.773756E-10
    1.634000E+01    2.764414E-10
    1.635000E+01    2.755107E-10
    1.636000E+01    2.745836E-10
    1.637000E+01    2.736599E-10
    1.638000E+01    2.727398E-10
    1.639000E+01    2.718231E-10
    1.640000E+01    2.709099E-10
    1.641000E+01    2.700001E-10
    1.642000E+01    2.690937E-10
    1.643000E+01    2.681908E-10
    1.644000E+01    2.672913E-10
    1.645000E+01    2.663952E-10
    1.646000E+01    2.655024E-10
    1.647000E+01    2.646130E-10
    1.648000E+01    2.637269E-10
    1.649000E+01    2.628442E-10
    1.650000E+01    2.619648E-10
    1.651000E+01    2.610887E-10
    1.652000E+01    2.602160E-10
    1.653000E+01    2.593464E-10
    1.654000E+01    2.584802E-10
    1.655000E+01    2.576172E-10
    1.656000E+01    2.567574E-10
    1.657000E+01    2.559009E-10
    1.658000E+01    2.550476E-10
    1.659000E+01    2.541974E-10
    1.660000E+01    2.533505E-10
    1.661000E+01    2.525067E-10
    1.662000E+01    2.516661E-10
    1.663000E+01    2.508286E-10
    1.664000E+01    2.499943E-10
    1.665000E+01    2.491631E-10
    1.666000E+01    2.483350E-10
    1.667000E+01    2.475100E-10
    1.668000E+01    2.466881E-10
    1.669000E+01    2.458692E-10
    1.670000E+01    2.450534E-10
    1.671000E+01    2.442406E-10
    1.672000E+01    2.434309E-10
    1.673000E+01    2.426242E-10
    1.674000E+01    2.418205E-10
    1.675000E+01    2.410198E-10
    1.676000E+01    2.402221E-10
    1.677000E+01    2.394273E-10
    1.678000E+01    2.386355E-10
    1.679000E+01    2.378467E-10
    1.680000E+01    2.370608E-10
    1.681000E+01    2.362778E-10
    1.682000E+01    2.354977E-10
    1.683000E+01    2.347205E-10
    1.684000E+01    2.339462E-10
    1.685000E+01    2.331748E-10
    1.686000E+01    2.324062E-10
    1.687000E+01    2.316405E-10
    1.688000E+01    2.308776E-10
    1.689000E+01    2.301175E-10
    1.690000E+01    2.293603E-10
    1.691000E+01    2.286059E-10
    1.692000E+01    2.278542E-10
    1.693000E+01    2.271054E-10
    1.694000E+01    2.263593E-10
    1.695000E+01    2.256160E-10
    1.696000E+01    2.248754E-10
    1.697000E+01    2.241375E-10
    1.698000E+01    2.234024E-10
    1.699000E+01    2.226700E-10
    1.700000E+01    2.219403E-10
    1.701000E+01    2.212133E-10
    1.702000E+01    2.204890E-10
    1.703000E+01    2.197673E-10
    1.704000E+01    2.190483E-10
    1.705000E+01    2.183319E-10
    1.706000E+01    2.176182E-10
    1.707000E+01    2.169071E-10
    1.708000E+01    2.161987E-10
    1.709000E+01    2.154928E-10
    1.710000E+01    2.147895E-10
    1.711000E+01    2.140888E-10
    1.712000E+01    2.133907E-10
    1.713000E+01    2.126952E-10
    1.714000E+01    2.120022E-10
    1.715000E+01    2.113117E-10
    1.716000E+01    2.106238E-10
    1.717000E+01    2.099384E-10
    1.718000E+01    2.092555E-10
    1.719000E+01    2.085752E-10
    1.720000E+01    2.078973E-10
    1.721000E+01    2.072219E-10
    1.722000E+01    2.065489E-10
    1.723000E+01    2.058784E-10
    1.724000E+01    2.052104E-10
    1.725000E+01    2.045448E-10
    1.726000E+01    2.038817E-10
    1.727000E+01    2.032210E-10
    1.728000E+01    2.025626E-10
    1.729000E+01    2.019067E-10
    1.730000E+01    2.012532E-10
    1.731000E+01    2.006021E-10
    1.732000E+01    1.999533E-10
    1.733000E+01    1.993069E-10
    1.734000E+01    1.986629E-10
    1.735000E+01    1.980212E-10
    1.736000E+01    1.973818E-10
    1.737000E+01    1.967448E-10
    1.738000E+01    1.961101E-10
    1.739000E+01    1.954777E-10
    1.740000E+01    1.948475E-10
    1.741000E+01    1.942197E-10
    1.742000E+01    1.935942E-10
    1.743000E+01    1.929709E-10
    1.744000E+01    1.923499E-10
    1.745000E+01    1.917312E-10
    1.746000E+01    1.911146E-10
    1.747000E+01    1.905004E-10
    1.748000E+01    1.898883E-10
    1.749000E+01    1.892785E-10
    1.750000E+01    1.886709E-10
    1.751000E+01    1.880654E-10
    1.752000E+01    1.874622E-10
    1.753000E+01    1.868612E-10
    1.754000E+01    1.862623E-10
    1.755000E+01    1.856656E-10
    1.756000E+01    1.850710E-10
    1.757000E+01    1.844786E-10
    1.758000E+01    1.838883E-10
    1.759000E+01    1.833002E-10
    1.760000E+01    1.827141E-10
    1.761000E+01    1.821302E-10
    1.762000E+01    1.815484E-10
    1.763000E+01    1.809687E-10
    1.764000E+01    1.803911E-10
    1.765000E+01    1.798156E-10
    1.766000E+01    1.792421E-10
    1.767000E+01    1.786707E-10
    1.768000E+01    1.781013E-10
    1.769000E+01    1.775340E-10
    1.770000E+01    1.769688E-10
    1.771000E+01    1.764055E-10
    1.772000E+01    1.758443E-10
    1.773000E+01    1.752851E-10
    1.774000E+01    1.747279E-10
    1.775000E+01    1.741727E-10
    1.776000E+01    1.736195E-10
    1.777000E+01    1.730683E-10
    1.778000E+01    1.725191E-10
    1.779000E+01    1.719718E-10
    1.780000E+01    1.714265E-10
    1.781000E+01    1.708831E-10
    1.782000E+01    1.703417E-10
    1.783000E+01    1.698022E-10
    1.784000E+01    1.692646E-10
    1.785000E+01    1.687290E-10
    1.786000E+01    1.681953E-10
    1.787000E+01    1.676634E-10
    1.788000E+01    1.671335E-10
    1.789000E+01    1.666055E-10
    1.790000E+01    1.660793E-10
    1.791000E+01    1.655551E-10
    1.792000E+01    1.650327E-10
    1.793000E+01    1.645121E-10
    1.794000E+01    1.639934E-10
    1.795000E+01    1.634766E-10
    1.796000E+01    1.629616E-10
    1.797000E+01    1.624484E-10
    1.798000E+01    1.619371E-10
    1.799000E+01    1.614275E-10
    1.800000E+01    1.609198E-10
    1.801000E+01    1.604139E-10
    1.802000E+01    1.599098E-10
    1.803000E+01    1.594074E-10
    1.804000E+01    1.589069E-10
    1.805000E+01    1.584081E-10
    1.806000E+01    1.579111E-10
    1.807000E+01    1.574158E-10
    1.808000E+01    1.569224E-10
    1.809000E+01    1.564306E-10
    1.810000E+01    1.559406E-10
    1.811000E+01    1.554523E-10
    1.812000E+01    1.549658E-10
    1.813000E+01    1.544810E-10
    1.814000E+01    1.539978E-10
    1.815000E+01    1.535164E-10
    1.816000E+01    1.530367E-10
    1.817000E+01    1.525587E-10
    1.818000E+01    1.520824E-10
    1.819000E+01    1.516078E-10
    1.820000E+01    1.511348E-10
    1.821000E+01    1.506635E-10
    1.822000E+01    1.501938E-10
    1.823000E+01    1.497258E-10
    1.824000E+01    1.492595E-10
    1.825000E+01    1.487948E-10
    1.826000E+01    1.483317E-10
    1.827000E+01    1.478703E-10
    1.828000E+01    1.474105E-10
    1.829000E+01    1.469523E-10
    1.830000E+01    1.464957E-10
    1.831000E+01    1.460407E-10
    1.832000E+01    1.455873E-10
    1.833000E+01    1.451355E-10
    1.834000E+01    1.446853E-10
    1.835000E+01    1.442366E-10
    1.836000E+01    1.437896E-10
    1.837000E+01    1.433441E-10
    1.838000E+01    1.429001E-10
    1.839000E+01    1.424578E-10
    1.840000E+01    1.420169E-10
    1.841000E+01    1.415776E-10
    1.842000E+01    1.411399E-10
    1.843000E+01    1.407036E-10
    1.844000E+01    1.402689E-10
    1.845000E+01    1.398357E-10
    1.846000E+01    1.394041E-10
    1.847000E+01    1.389739E-10
    1.848000E+01    1.385452E-10
    1.849000E+01    1.381180E-10
    1.850000E+01    1.376924E-10
    1.851000E+01    1.372682E-10
    1.852000E+01    1.368454E-10
    1.853000E+01    1.364242E-10
    1.854000E+01    1.360044E-10
    1.855000E+01    1.355861E-10
    1.856000E+01    1.351692E-10
    1.857000E+01    1.347538E-10
    1.858000E+01    1.343398E-10
    1.859000E+01    1.339273E-10
    1.860000E+01    1.335162E-10
    1.861000E+01    1.331065E-10
    1.862000E+01    1.326982E-10
    1.863000E+01    1.322914E-10
    1.864000E+01    1.318860E-10
    1.865000E+01    1.314819E-10
    1.866000E+01    1.310793E-10
    1.867000E+01    1.306781E-10
    1.868000E+01    1.302782E-10
    1.869000E+01    1.298798E-10
    1.870000E+01    1.294827E-10
    1.871000E+01    1.290870E-10
    1.872000E+01    1.286927E-10
    1.873000E+01    1.282997E-10
    1.874000E+01    1.279081E-10
    1.875000E+01    1.275178E-10
    1.876000E+01    1.271289E-10
    1.877000E+01    1.267413E-10
    1.878000E+01    1.263551E-10
    1.879000E+01    1.259702E-10
    1.880000E+01    1.255866E-10
    1.881000E+01    1.252043E-10
    1.882000E+01    1.248234E-10
    1.883000E+01    1.244437E-10
    1.884000E+01    1.240654E-10
    1.885000E+01    1.236884E-10
    1.886000E+01    1.233127E-10
    1.887000E+01    1.229382E-10
    1.888000E+01    1.225651E-10
    1.889000E+01    1.221932E-10
    1.890000E+01    1.218226E-10
    1.891000E+01    1.214533E-10
    1.892000E+01    1.210852E-10
    1.893000E+01    1.207184E-10
    1.894000E+01    1.203529E-10
    1.895000E+01    1.199886E-10
    1.896000E+01    1.196256E-10
    1.897000E+01    1.192638E-10
    1.898000E+01    1.189033E-10
    1.899000E+01    1.185439E-10
    1.900000E+01    1.181859E-10
    1.901000E+01    1.178290E-10
    1.902000E+01    1.174733E-10
    1.903000E+01    1.171189E-10
    1.904000E+01    1.167657E-10
    1.905000E+01    1.164137E-10
    1.906000E+01    1.160629E-10
    1.907000E+01    1.157133E-10
    1.908000E+01    1.153648E-10
    1.909000E+01    1.150176E-10
    1.910000E+01    1.146716E-10
    1.911000E+01    1.143267E-10
    1.912000E+01    1.139830E-10
    1.913000E+01    1.136405E-10
    1.914000E+01    1.132991E-10
    1.915000E+01    1.129589E-10
    1.916000E+01    1.126198E-10
    1.917000E+01    1.122820E-10
    1.918000E+01    1.119452E-10
    1.919000E+01    1.116096E-10
    1.920000E+01    1.112751E-10
    1.921000E+01    1.109418E-10
    1.922000E+01    1.106096E-10
    1.923000E+01    1.102786E-10
    1.924000E+01    1.099486E-10
    1.925000E+01    1.096198E-10
    1.926000E+01    1.092921E-10
    1.927000E+01    1.089655E-10
    1.928000E+01    1.086400E-10
    1.929000E+01    1.083156E-10
    1.930000E+01    1.079923E-10
    1.931000E+01    1.076700E-10
    1.932000E+01    1.073489E-10
    1.933000E+01    1.070289E-10
    1.934000E+01    1.067099E-10
    1.935000E+01    1.063921E-10
    1.936000E+01    1.060753E-10
    1.937000E+01    1.057595E-10
    1.938000E+01    1.054448E-10
    1.939000E+01    1.051312E-10
    1.940000E+01    1.048187E-10
    1.941000E+01    1.045072E-10
    1.942000E+01    1.041967E-10
    1.943000E+01    1.038873E-10
    1.944000E+01    1.035789E-10
    1.945000E+01    1.032716E-10
    1.946000E+01    1.029653E-10
    1.947000E+01    1.026601E-10
    1.948000E+01    1.023558E-10
    1.949000E+01    1.020526E-10
    1.950000E+01    1.017504E-10
    1.951000E+01    1.014492E-10
    1.952000E+01    1.011490E-10
    1.953000E+01    1.008498E-10
    1.954000E+01    1.005517E-10
    1.955000E+01    1.002545E-10
    1.956000E+01    9.995833E-11
    1.957000E+01    9.966315E-11
    1.958000E+01    9.936895E-11
    1.959000E+01    9.907574E-11
    1.960000E+01    9.878351E-11
    1.961000E+01    9.849226E-11
    1.962000E+01    9.820198E-11
    1.963000E+01    9.791267E-11
    1.964000E+01    9.762432E-11
    1.965000E+01    9.733694E-11
    1.966000E+01    9.705052E-11
    1.967000E+01    9.676505E-11
    1.968000E+01    9.648053E-11
    1.969000E+01    9.619696E-11
    1.970000E+01    9.591434E-11
    1.971000E+01    9.563266E-11
    1.972000E+01    9.535191E-11
    1.973000E+01    9.507211E-11
    1.974000E+01    9.479323E-11
    1.975000E+01    9.451527E-11
    1.976000E+01    9.423825E-11
    1.977000E+01    9.396214E-11
    1.978000E+01    9.368695E-11
    1.979000E+01    9.341267E-11
    1.980000E+01    9.313931E-11
    1.981000E+01    9.286685E-11
    1.982000E+01    9.259529E-11
    1.983000E+01    9.232464E-11
    1.984000E+01    9.205488E-11
    1.985000E+01    9.178602E-11
    1.986000E+01    9.151804E-11
    1.987000E+01    9.125096E-11
    1.988000E+01    9.098475E-11
    1.989000E+01    9.071943E-11
    1.990000E+01    9.045499E-11
    1.991000E+01    9.019142E-11
    1.992000E+01    8.992872E-11
    1.993000E+01    8.966689E-11
    1.994000E+01    8.940592E-11
    1.995000E+01    8.914581E-11
    1.996000E+01    8.888657E-11
    1.997000E+01    8.862817E-11
    1.998000E+01    8.837063E-11
    1.999000E+01    8.811394E-11
